c ---- [ banner ] ------------------------------------------------------------
c
c Kissat SAT Solver
c 
c Copyright (c) 2021-2023 Armin Biere University of Freiburg
c Copyright (c) 2019-2021 Armin Biere Johannes Kepler University Linz
c 
c Version 3.1.0 630d64d4d63c2816fc79a1a0340286b39677e97d
c gcc (GCC) 4.8.5 20150623 (Red Hat 4.8.5-44) -W -Wall -O3 -std=c99 -DNDEBUG
c Wed Aug 2 15:42:38 CEST 2023 Linux cleps 3.10.0-1160.36.2.el7.x86_64 x86_64
c
c ---- [ parsing ] -----------------------------------------------------------
c
c opened and reading DIMACS file:
c
c   ./CNF/5.cnf
c
c parsed 'p cnf 7042 34081' header
c closing input after reading 716841 bytes (700 KB)
c finished parsing after 0.01 seconds
c
c ---- [ solving ] -----------------------------------------------------------
c
c  seconds switched conflicts   irredundant variables
c         MB reductions redundant      trail    remaining
c          level restarts    binary       glue
c
c *  0.01  4 0 0 0  0   0   0 7376 26642 0% 0 6985 99%
c {  0.01  5 0 0 0  0   0   0 7376 26642 0% 0 6985 99%
c i  0.01  5 30 0 0 14  40  34 7381 26642 16% 11 6984 99%
c i  0.01  5 31 0 0 18  70  59 7384 26641 16% 11 6983 99%
c i  0.02  5 39 0 0 18 104  83 7385 26641 18% 9 6982 99%
c i  0.02  5 42 0 0 18 110  87 7386 26641 19% 9 6981 99%
c -  0.06  5 67 0 1 133 1000 518 7393 26608 24% 8 6981 99%
c }  0.06  5 67 1 1 133 1000 518 7393 26608 24% 8 6981 99%
c [  0.06  5 0 1 1 133 1000 518 7393 26608 0% 0 6981 99%
c B  0.06  5 105 1 1 133 1001 519 7393 26608 14% 4 6981 99%
c -  0.09  6 143 1 2 133 2002 746 7396 26608 47% 32 6981 99%
c W  0.09  6 143 1 2 133 2002 746 7396 26608 47% 32 6981 99%
c b  0.10  6 140 1 2 134 2053 790 7401 26604 45% 32 6954 99%
c u  0.10  6 140 1 2 134 2053 783 7408 26604 45% 32 6954 99%
c v  0.11  6 140 1 2 134 2053 776 7415 26604 45% 32 6954 99%
c w  0.13  6 140 1 2 134 2053 803 7432 26558 45% 32 6954 99%
c =  0.16  6 140 1 2 134 2053 803 9374 26558 45% 32 5983 85%
c d  0.16  6 140 1 2 134 2053 803 7432 26558 45% 32 5983 85%
c t  0.17  6 140 1 2 134 2053 803 7313 26558 45% 32 5983 85%
c b  0.17  6 140 1 2 134 2053 803 7313 26558 45% 32 5982 85%
c
c  seconds   switched conflicts      irredundant  variables
c         MB  reductions   redundant         trail     remaining
c           level restarts        binary         glue
c
c ]  0.20  6 108 2 2 134 3120 1797 7319 26549 37% 25 5982 85%
c {  0.20  6 67 2 2 134 3120 1797 7319 26549 24% 8 5982 85%
c -  0.22  6 73 2 3 167 3416 1055 7193 26541 23% 8 5982 85%
c u  0.25  6 81 2 3 207 4108 1669 7220 26535 23% 8 5982 85%
c v  0.26  6 81 2 3 207 4108 1667 7222 26535 23% 8 5982 85%
c w  0.27  6 81 2 3 207 4108 1918 7222 26284 23% 8 5982 85%
c =  0.30  6 81 2 3 207 4108 1918 8122 26284 23% 8 5532 79%
c d  0.30  6 81 2 3 207 4108 1918 7222 26284 23% 8 5532 79%
c t  0.30  6 81 2 3 207 4108 1918 7211 26284 23% 8 5532 79%
c }  0.31  6 81 3 3 207 4120 1928 7211 26284 23% 8 5532 79%
c [  0.31  6 108 3 3 207 4120 1928 7211 26284 37% 25 5532 79%
c I  0.31  6 107 3 3 207 4261 2067 7211 26284 37% 25 5532 79%
c -  0.34  6 94 3 4 207 5149 1914 7224 26280 34% 23 5532 79%
c ]  0.35  6 94 4 4 208 5205 1966 7224 26280 34% 23 5532 79%
c {  0.35  6 81 4 4 208 5205 1966 7224 26280 23% 8 5532 79%
c -  0.42  6 79 4 5 374 7149 2648 7245 26253 27% 8 5532 79%
c }  0.44  6 76 5 5 399 7558 3040 7246 26249 27% 8 5532 79%
c [  0.44  6 94 5 5 399 7558 3040 7246 26249 34% 23 5532 79%
c B  0.45  6 89 5 5 399 8032 3495 7249 26248 34% 22 5532 79%
c u  0.48  6 91 5 5 399 8367 3816 7262 26248 35% 22 5532 79%
c
c  seconds  switched conflicts      irredundant  variables
c         MB reductions   redundant         trail     remaining
c          level restarts        binary         glue
c
c v  0.49  7 91 5 5 399 8367 3816 7262 26248 35% 22 5532 79%
c w  0.50  7 91 5 5 399 8367 4255 7267 25804 35% 22 5532 79%
c =  0.53  7 91 5 5 399 8367 4255 7425 25804 35% 22 5453 77%
c d  0.53  7 91 5 5 399 8367 4255 7267 25804 35% 22 5453 77%
c t  0.53  7 91 5 5 399 8367 4255 7256 25804 35% 22 5453 77%
c -  0.57  7 88 5 6 400 9385 3544 7282 25802 33% 23 5453 77%
c s  0.61  7 86 5 6 401 10269 4395 7304 19862 32% 22 5453 77%
c e  0.66  6 86 5 6 401 10269 4395 4180 18140 32% 22 3023 43%
c s  0.67  6 86 5 6 401 10269 4395 4182 17553 32% 22 3023 43%
c e  0.68  6 86 5 6 401 10269 4395 3835 17849 32% 22 2733 39%
c ^  0.68  6 86 5 6 401 10269 4395 3835 17849 32% 22 2733 39%
c -  0.73  6 82 5 7 402 11835 2408 3848 17849 33% 20 2733 39%
c ]  0.73  6 82 6 7 402 12025 2592 3849 17849 33% 20 2733 39%
c {  0.73  6 76 6 7 402 12025 2592 3849 17849 27% 8 2733 39%
c i  0.75  6 70 6 7 635 12646 3166 3850 17849 26% 9 2732 39%
c -  0.81  6 60 6 8 1072 14480 3032 3891 17849 25% 9 2732 39%
c u  0.83  6 58 6 8 1192 14965 3457 3919 17842 25% 9 2732 39%
c v  0.84  6 58 6 8 1192 14965 3457 3919 17842 25% 9 2732 39%
c w  0.85  6 58 6 8 1192 14965 3476 3919 17823 25% 9 2732 39%
c t  0.88  6 58 6 8 1192 14965 3476 3900 17823 25% 9 2732 39%
c
c  seconds  switched   conflicts      irredundant  variables
c         MB reductions     redundant         trail     remaining
c          level  restarts         binary         glue
c
c }  0.90  6 54 7 8 1476 16094 4555 3905 17823 25% 10 2732 39%
c [  0.90  6 82 7 8 1476 16094 4555 3905 17823 33% 20 2732 39%
c W  0.91  7 82 7 8 1476 16094 4555 3905 17823 33% 20 2732 39%
c -  0.94  7 82 7 9 1477 17310 3237 3913 17823 32% 21 2732 39%
c s  1.01  7 77 7 9 1478 19673 5542 3936 17475 34% 22 2732 39%
c e  1.04  6 77 7 9 1478 19673 5542 2935 18767 34% 22 2342 33%
c s  1.05  6 77 7 9 1478 19673 5542 2936 18421 34% 22 2342 33%
c e  1.06  6 77 7 9 1478 19673 5542 2925 18388 34% 22 2324 33%
c ^  1.06  6 77 7 9 1478 19673 5542 2925 18388 34% 22 2324 33%
c -  1.07  6 75 7 10 1479 20310 2397 2939 18388 33% 21 2324 33%
c ]  1.13  6 70 8 10 1481 22404 4464 2947 18388 33% 22 2324 33%
c {  1.13  6 54 8 10 1481 22404 4464 2947 18388 25% 10 2324 33%
c u  1.16  7 56 8 10 1514 23336 5338 2981 18388 26% 10 2324 33%
c v  1.17  7 56 8 10 1514 23336 5334 2985 18388 26% 10 2324 33%
c w  1.18  7 56 8 10 1514 23336 5428 2985 18294 26% 10 2324 33%
c t  1.21  7 56 8 10 1514 23336 5428 2960 18294 26% 10 2324 33%
c -  1.22  7 56 8 11 1522 23476 3448 2960 18294 26% 10 2324 33%
c -  1.29  7 59 8 12 1637 26797 4676 2976 18294 28% 9 2324 33%
c }  1.34  7 60 9 12 1760 28563 6388 2984 18294 29% 9 2324 33%
c [  1.34  7 70 9 12 1760 28563 6388 2984 18294 33% 22 2324 33%
c
c  seconds  switched    conflicts      irredundant  variables
c         MB  reductions     redundant         trail     remaining
c          level   restarts         binary         glue
c
c O  1.34  7 70 9 12 1760 28563 6388 2984 18294 33% 22 2324 33%
c -  1.37  7 69 9 13 1761 30262 5521 2994 18294 33% 22 2324 33%
c -  1.45  7 64 9 14 1764 33867 5431 3011 18294 31% 23 2324 33%
c u  1.47  6 64 9 14 1764 34067 5611 3030 18294 31% 23 2324 33%
c v  1.48  6 64 9 14 1764 34067 5611 3030 18294 31% 23 2324 33%
c w  1.49  6 64 9 14 1764 34067 5655 3030 18250 31% 23 2324 33%
c t  1.51  7 64 9 14 1764 34067 5655 3014 18250 31% 23 2324 33%
c ]  1.57  7 61 10 14 1765 36317 7850 3020 18250 31% 23 2324 33%
c {  1.57  7 60 10 14 1765 36317 7850 3020 18250 29% 9 2324 33%
c -  1.60  7 60 10 15 1832 37611 5647 3024 18250 29% 9 2324 33%
c s  1.66  7 60 10 15 1963 39986 7967 3032 18151 30% 9 2324 33%
c e  1.68  6 60 10 15 1963 39986 7967 2964 18130 30% 9 2306 33%
c s  1.68  6 60 10 15 1963 39986 7967 2964 18088 30% 9 2306 33%
c e  1.68  6 60 10 15 1963 39986 7967 2964 18095 30% 9 2299 33%
c ^  1.69  6 60 10 15 1963 39986 7967 2964 18095 30% 9 2299 33%
c -  1.73  7 60 10 16 2044 41485 6654 2968 18095 30% 9 2299 33%
c }  1.81  7 60 11 16 2229 44945 10036 2982 18095 30% 9 2299 33%
c [  1.81  7 61 11 16 2229 44945 10036 2982 18095 31% 23 2299 33%
c B  1.81  7 61 11 16 2229 44945 10036 2982 18095 31% 23 2299 33%
c -  1.83  7 62 11 17 2229 45486 7558 2982 18095 31% 23 2299 33%
c
c  seconds   switched    conflicts      irredundant  variables
c         MB   reductions     redundant         trail     remaining
c          level    restarts         binary         glue
c
c u  1.88  7 62 11 17 2231 47271 9305 2993 18095 31% 23 2299 33%
c v  1.89  7 62 11 17 2231 47271 9300 2998 18095 31% 23 2299 33%
c w  1.90  7 62 11 17 2231 47271 9322 3029 18042 31% 23 2299 33%
c t  1.93  7 62 11 17 2231 47271 9322 3007 18042 31% 23 2299 33%
c -  2.00  8 61 11 18 2232 49610 7289 3010 18042 31% 24 2299 33%
c -  2.13  7 60 11 19 2235 53853 6646 3012 18042 30% 25 2299 33%
c ]  2.14  7 59 12 19 2235 54285 7074 3012 18042 30% 25 2299 33%
c {  2.14  7 60 12 19 2235 54285 7074 3012 18042 30% 9 2299 33%
c -  2.25  7 61 12 20 2498 58214 7735 3028 18042 31% 9 2299 33%
c -  2.37  8 61 12 21 2854 62686 8988 3039 18042 31% 9 2299 33%
c u  2.39  7 61 12 21 2881 63010 9256 3091 18042 31% 9 2299 33%
c v  2.41  7 61 12 21 2881 63010 9238 3109 18042 31% 9 2299 33%
c w  2.42  7 61 12 21 2881 63010 9287 3109 17993 31% 9 2299 33%
c t  2.45  7 61 12 21 2881 63010 9287 3042 17993 31% 9 2299 33%
c }  2.52  8 61 13 21 3045 65764 12000 3049 17993 32% 9 2299 33%
c [  2.52  8 59 13 21 3045 65764 12000 3049 17993 30% 25 2299 33%
c W  2.52  8 59 13 21 3045 65764 12000 3049 17993 30% 25 2299 33%
c -  2.56  8 60 13 22 3046 67269 9554 3056 17993 30% 26 2299 33%
c -  2.70  8 59 13 23 3049 71960 9009 3057 17993 30% 27 2299 33%
c s  2.72  8 59 13 23 3050 72625 9665 3059 17929 29% 27 2299 33%
c
c  seconds   switched    conflicts      irredundant  variables
c         MB   reductions     redundant         trail     remaining
c          level    restarts         binary         glue
c
c e  2.76  7 59 13 23 3050 72625 9665 2446 20403 29% 27 1679 24%
c s  2.78  7 59 13 23 3050 72625 9665 2446 19795 29% 27 1679 24%
c ^  2.79  7 59 13 23 3050 72625 9665 2446 19795 29% 27 1679 24%
c -  2.91  8 58 13 24 3051 76755 6421 2448 19795 30% 27 1679 24%
c ]  3.00  8 57 14 24 3054 80499 10128 2453 19795 30% 27 1679 24%
c {  3.00  8 61 14 24 3054 80499 10128 2453 19795 32% 9 1679 24%
c u  3.04  7 61 14 24 3101 81401 11011 2455 19795 32% 9 1679 24%
c v  3.05  7 61 14 24 3101 81401 11011 2455 19795 32% 9 1679 24%
c w  3.07  8 61 14 24 3101 81401 11038 2484 19739 32% 9 1679 24%
c t  3.08  8 61 14 24 3101 81401 11038 2475 19739 32% 9 1679 24%
c -  3.09  8 61 14 25 3135 81653 7328 2475 19739 32% 9 1679 24%
c -  3.23  8 61 14 26 3656 86653 8637 2484 19739 32% 9 1679 24%
c -  3.35  8 61 14 27 4006 91753 9882 2496 19739 32% 9 1679 24%
c }  3.44  8 60 15 27 4254 95215 13284 2506 19739 32% 9 1679 24%
c [  3.44  8 57 15 27 4254 95215 13284 2506 19739 30% 27 1679 24%
c I  3.44  8 57 15 27 4254 95215 13284 2506 19739 30% 27 1679 24%
c -  3.48  8 57 15 28 4255 96950 10700 2508 19739 30% 27 1679 24%
c -  3.63  8 55 15 29 4259 102242 10298 2512 19739 30% 27 1679 24%
c u  3.66  8 55 15 29 4259 102733 10746 2549 19739 30% 27 1679 24%
c v  3.67  8 55 15 29 4259 102733 10736 2559 19739 30% 27 1679 24%
c
c  seconds   switched    conflicts        irredundant  variables
c         MB   reductions       redundant         trail     remaining
c          level    restarts           binary         glue
c
c w  3.69  8 55 15 29 4259 102733 10814 2560 19660 30% 27 1679 24%
c t  3.73  8 55 15 29 4259 102733 10814 2514 19660 30% 27 1679 24%
c -  3.87  8 53 15 30 4261 107627 9798 2517 19660 31% 27 1679 24%
c ]  4.00  8 52 16 30 4264 112316 14460 2519 19660 31% 27 1679 24%
c {  4.00  8 60 16 30 4264 112316 14460 2519 19660 32% 9 1679 24%
c -  4.03  8 60 16 31 4321 113106 9935 2524 19660 32% 9 1679 24%
c -  4.18  8 60 16 32 4700 118673 11451 2537 19660 32% 9 1679 24%
c s  4.21  8 60 16 32 4761 119514 12277 2539 19477 32% 9 1679 24%
c e  4.24  7 60 16 32 4761 119514 12277 1997 21553 32% 9 1369 19%
c s  4.26  7 60 16 32 4761 119514 12277 1997 20390 32% 9 1369 19%
c ^  4.28  7 60 16 32 4761 119514 12277 1997 20390 32% 9 1369 19%
c -  4.40  9 59 16 33 5069 124329 10418 2004 20390 32% 9 1369 19%
c u  4.48  8 59 16 33 5249 126871 12832 2098 20390 32% 9 1369 19%
c v  4.49  8 59 16 33 5249 126871 12826 2104 20390 32% 9 1369 19%
c w  4.51  8 59 16 33 5249 126871 12855 2158 20307 32% 9 1369 19%
c t  4.55  9 59 16 33 5249 126871 12855 2034 20307 32% 9 1369 19%
c -  4.63  9 59 16 34 5515 130073 11658 2038 20307 33% 9 1369 19%
c }  4.65  8 59 17 34 5556 130656 12235 2039 20307 33% 9 1369 19%
c [  4.65  8 52 17 34 5556 130656 12235 2039 20307 31% 27 1369 19%
c B  4.65  8 52 17 34 5556 130656 12235 2039 20307 31% 27 1369 19%
c
c  seconds   switched    conflicts        irredundant  variables
c         MB   reductions       redundant         trail     remaining
c          level    restarts           binary         glue
c
c -  4.81  9 52 17 35 5560 135904 11281 2041 20307 32% 27 1369 19%
c -  4.99  9 50 17 36 5562 141820 10247 2044 20307 32% 27 1369 19%
c -  5.18  9 50 17 37 5566 147820 10014 2045 20307 33% 27 1369 19%
c ]  5.26  9 49 18 37 5568 150394 12581 2045 20307 33% 27 1369 19%
c {  5.26  9 59 18 37 5568 150394 12581 2045 20307 33% 9 1369 19%
c -  5.35  9 60 18 38 5736 153904 11244 2068 20307 33% 9 1369 19%
c u  5.37  8 60 18 38 5743 153941 11249 2100 20307 33% 9 1369 19%
c v  5.38  9 60 18 38 5743 153941 11241 2108 20307 33% 9 1369 19%
c w  5.40  9 60 18 38 5743 153941 11284 2167 20205 33% 9 1369 19%
c =  5.45  9 60 18 38 5743 153941 11284 2175 20175 33% 9 1364 19%
c d  5.45  9 60 18 38 5743 153941 11283 2167 20175 33% 9 1364 19%
c t  5.46  9 60 18 38 5743 153941 11283 2075 20175 33% 9 1364 19%
c -  5.64 10 60 18 39 6493 160069 13144 2113 20175 33% 9 1364 19%
c -  5.82 10 60 18 40 6971 166313 14516 2150 20175 33% 10 1364 19%
c -  6.02 10 60 18 41 7646 172637 15309 2181 20175 32% 10 1364 19%
c }  6.03  8 60 19 41 7648 172739 15407 2182 20175 32% 10 1364 19%
c [  6.03  8 49 19 41 7648 172739 15407 2182 20175 33% 27 1364 19%
c W  6.03  9 49 19 41 7648 172739 15407 2182 20175 33% 27 1364 19%
c -  6.22 10 50 19 42 7653 179040 14520 2188 20175 34% 27 1364 19%
c s  6.30 10 50 19 42 7654 181661 17118 2196 19999 34% 27 1364 19%
c
c  seconds   switched    conflicts        irredundant  variables
c         MB   reductions       redundant         trail    remaining
c          level    restarts           binary         glue
c
c e  6.38  9 50 19 42 7654 181661 17118 1776 23746 34% 27 993 14%
c s  6.45  9 50 19 42 7654 181661 17118 1778 22942 34% 27 993 14%
c e  6.48  9 50 19 42 7654 181661 17118 1778 22957 34% 27 992 14%
c !  6.48  9 50 19 42 7654 181661 17118 1778 22957 34% 27 992 14%
c u  6.57 10 50 19 42 7654 183918 15105 1791 22957 35% 28 992 14%
c v  6.59 10 50 19 42 7654 183918 15098 1798 22957 35% 28 992 14%
c w  6.62  9 50 19 42 7654 183918 15123 1804 22926 35% 28 992 14%
c t  6.64  9 50 19 42 7654 183918 15123 1770 22926 35% 28 992 14%
c -  6.70 10 50 19 43 7655 185520 10574 1771 22926 35% 28 992 14%
c -  6.89 10 49 19 44 7660 192078 11145 1773 22926 37% 27 992 14%
c O  7.05 10 49 19 44 7661 196964 16016 1773 22926 37% 27 992 14%
c -  7.09 10 49 19 45 7662 198712 11619 1773 22926 38% 27 992 14%
c ]  7.18 10 49 20 45 7662 202696 15579 1773 22926 38% 27 992 14%
c {  7.18 10 60 20 45 7662 202696 15579 1773 22926 32% 10 992 14%
c -  7.25 10 59 20 46 7823 205423 12714 1775 22926 33% 10 992 14%
c -  7.43 10 59 20 47 8401 212205 14332 1776 22926 33% 10 992 14%
c u  7.61 10 58 20 47 8769 217590 19588 1814 22926 34% 10 992 14%
c v  7.63 10 58 20 47 8769 217590 19586 1816 22926 34% 10 992 14%
c w  7.65 11 58 20 47 8769 217590 19588 1816 22924 34% 10 992 14%
c t  7.68 11 58 20 47 8769 217590 19588 1774 22924 34% 10 992 14%
c
c  seconds   switched    conflicts        irredundant  variables
c         MB   reductions       redundant         trail    remaining
c          level    restarts           binary         glue
c
c -  7.72 10 58 20 48 8845 219061 15736 1775 22924 34% 10 992 14%
c -  7.92 10 58 20 49 9338 225990 16774 1777 22924 35% 10 992 14%
c }  8.01 10 57 21 49 9556 229435 20162 1778 22924 35% 10 992 14%
c [  8.01 10 49 21 49 9556 229435 20162 1778 22924 38% 27 992 14%
c B  8.01 10 49 21 49 9556 229435 20162 1778 22924 38% 27 992 14%
c -  8.10 10 50 21 50 9558 232992 16832 1778 22924 39% 27 992 14%
c -  8.30 10 50 21 51 9562 240063 15733 1780 22924 40% 27 992 14%
c -  8.55 10 49 21 52 9567 247205 14768 1781 22924 41% 27 992 14%
c u  8.76 10 48 21 52 9570 254370 21868 1796 22924 41% 27 992 14%
c v  8.78 10 48 21 52 9570 254370 21868 1796 22924 41% 27 992 14%
c w  8.81 10 48 21 52 9570 254370 21896 1799 22893 41% 27 992 14%
c t  8.84 10 48 21 52 9570 254370 21896 1785 22893 41% 27 992 14%
c -  8.84 10 48 21 53 9570 254418 14924 1785 22893 41% 27 992 14%
c ]  9.02 10 48 22 53 9570 259552 20036 1786 22893 43% 27 992 14%
c {  9.02 10 57 22 53 9570 259552 20036 1786 22893 35% 10 992 14%
c -  9.09 10 57 22 54 9702 261699 15887 1786 22893 36% 10 992 14%
c s  9.15  9 57 22 54 9702 261748 15934 1786 22821 36% 10 992 14%
c e  9.18  9 57 22 54 9702 261748 15934 1779 22886 36% 10 988 14%
c s  9.22  9 57 22 54 9702 261748 15934 1780 22869 36% 10 988 14%
c i  9.42 10 55 22 54 10242 267845 21724 1785 22869 36% 10 987 14%
c
c  seconds   switched     conflicts        irredundant  variables
c         MB   reductions        redundant         trail    remaining
c          level    restarts            binary         glue
c
c -  9.46 10 55 22 55 10349 269047 17723 1780 22869 36% 10 987 14%
c -  9.63 11 53 22 56 11558 276463 18191 1783 22869 36% 10 987 14%
c -  9.86 11 52 22 57 12138 283947 19002 1783 22869 36% 10 987 14%
c i 10.01 11 51 22 57 12693 289633 24577 1785 22869 37% 10 986 14%
c } 10.06 11 50 23 57 12970 291069 25997 1786 22869 37% 10 986 14%
c [ 10.06 11 48 23 57 12970 291069 25997 1786 22869 43% 27 986 14%
c W 10.06 11 48 23 57 12970 291069 25997 1785 22813 43% 27 986 14%
c - 10.08 11 48 23 58 12970 291496 20047 1785 22813 43% 27 986 14%
c u 10.19 10 49 23 58 12972 294308 22843 1785 22813 43% 27 986 14%
c v 10.22 10 49 23 58 12972 294308 22840 1788 22813 43% 27 986 14%
c w 10.25 11 49 23 58 12972 294308 22859 1790 22792 43% 27 986 14%
c t 10.27 11 49 23 58 12972 294308 22859 1787 22792 43% 27 986 14%
c - 10.42 10 49 23 59 12975 299112 19385 1787 22792 44% 26 986 14%
c - 10.69 11 49 23 60 12979 306794 18299 1787 22792 44% 27 986 14%
c - 10.97 10 48 23 61 12983 314541 18293 1787 22792 45% 27 986 14%
c - 11.24 11 48 23 62 12984 322351 18708 1787 22792 46% 27 986 14%
c ] 11.26  9 48 24 62 12984 323010 19361 1787 22792 46% 26 986 14%
c { 11.26  9 50 24 62 12984 323010 19361 1787 22792 37% 10 986 14%
c - 11.46 11 51 24 63 13291 330225 20699 1789 22792 37% 10 986 14%
c u 11.70 11 51 24 63 13581 337414 27753 1808 22792 38% 10 986 14%
c
c  seconds   switched     conflicts        irredundant  variables
c         MB   reductions        redundant         trail    remaining
c          level    restarts            binary         glue
c
c v 11.73 11 51 24 63 13581 337414 27749 1812 22792 38% 10 986 14%
c w 11.77 11 51 24 63 13581 337414 27754 1812 22787 38% 10 986 14%
c t 11.79 11 51 24 63 13581 337414 27754 1791 22787 38% 10 986 14%
c - 11.82 11 51 24 64 13624 338164 22708 1791 22787 38% 10 986 14%
c - 12.05 11 50 24 65 13952 346164 23769 1792 22787 38% 10 986 14%
c - 12.32 11 50 24 66 14495 354226 24503 1794 22787 38% 10 986 14%
c s 12.51 11 50 24 66 14720 359622 29814 1797 22706 39% 10 986 14%
c e 12.53  9 50 24 66 14720 359622 29814 1774 22748 39% 10 983 14%
c s 12.54  9 50 24 66 14720 359622 29814 1774 22735 39% 10 983 14%
c } 12.56 10 50 25 66 14727 359688 29633 1774 22735 39% 10 983 14%
c [ 12.56 10 48 25 66 14727 359688 29633 1774 22735 46% 26 983 14%
c I 12.56 10 48 25 66 14727 359688 29633 1774 22735 46% 26 983 14%
c - 12.64 10 47 25 67 14729 362350 24726 1774 22735 46% 26 983 14%
c - 12.91 11 47 25 68 14733 370537 23670 1774 22735 46% 26 983 14%
c - 13.21 11 46 25 69 14739 378783 22257 1774 22735 47% 26 983 14%
c u 13.44 11 46 25 69 14740 383779 27237 1777 22735 47% 26 983 14%
c v 13.47 11 46 25 69 14740 383779 27237 1777 22735 47% 26 983 14%
c w 13.51 11 46 25 69 14740 383779 27259 1787 22703 47% 26 983 14%
c t 13.53 11 46 25 69 14740 383779 27259 1781 22703 47% 26 983 14%
c - 13.67 11 46 25 70 14741 387089 22160 1781 22703 48% 26 983 14%
c
c  seconds   switched     conflicts        irredundant  variables
c         MB   reductions        redundant         trail    remaining
c          level    restarts            binary         glue
c
c - 14.00 11 45 25 71 14744 395455 22354 1781 22703 48% 26 983 14%
c ] 14.04 11 45 26 71 14744 396556 23451 1781 22703 48% 26 983 14%
c { 14.04 11 50 26 71 14744 396556 23451 1781 22703 39% 10 983 14%
c - 14.27 11 50 26 72 15110 403881 24420 1781 22703 39% 10 983 14%
c - 14.53 11 51 26 73 15554 412366 26551 1782 22703 40% 10 983 14%
c - 14.85 12 51 26 74 16183 420910 27638 1784 22703 40% 10 983 14%
c - 15.15 12 51 26 75 16763 429514 28161 1784 22703 40% 10 983 14%
c u 15.32 12 51 26 75 16940 433406 31956 1808 22703 40% 10 983 14%
c v 15.36 11 51 26 75 16940 433406 31946 1818 22703 40% 10 983 14%
c w 15.40 11 51 26 75 16940 433406 31952 1818 22697 40% 10 983 14%
c t 15.42 11 51 26 75 16940 433406 31952 1785 22697 40% 10 983 14%
c - 15.62 12 51 26 76 17297 438174 28680 1787 22697 40% 10 983 14%
c } 15.65 11 51 27 76 17344 438774 29274 1787 22697 40% 10 983 14%
c [ 15.65 11 45 27 76 17344 438774 29274 1787 22697 48% 26 983 14%
c B 15.65 11 45 27 76 17344 438774 29274 1787 22697 48% 26 983 14%
c - 15.95 12 45 27 77 17349 446892 27817 1788 22697 48% 26 983 14%
c - 16.29 11 45 27 78 17354 455666 26196 1788 22697 49% 26 983 14%
c - 16.61 12 45 27 79 17358 464497 25834 1788 22697 49% 26 983 14%
c - 16.96 11 44 27 80 17360 473386 25698 1788 22697 49% 26 983 14%
c s 17.08 11 44 27 80 17362 476309 28612 1788 22614 49% 26 983 14%
c
c  seconds   switched     conflicts        irredundant  variables
c         MB   reductions        redundant         trail    remaining
c          level    restarts            binary         glue
c
c e 17.11 10 44 27 80 17362 476309 28612 1787 22630 49% 26 982 14%
c s 17.11 10 44 27 80 17362 476309 28612 1787 22626 49% 26 982 14%
c ] 17.37 11 44 28 80 17365 482318 34456 1787 22626 50% 26 982 14%
c { 17.37 11 51 28 80 17365 482318 34456 1787 22626 40% 10 982 14%
c - 17.38 11 51 28 81 17366 482331 25733 1787 22626 40% 10 982 14%
c u 17.56 12 51 28 81 17558 486361 29675 1807 22626 41% 10 982 14%
c v 17.60 12 51 28 81 17558 486361 29671 1811 22626 41% 10 982 14%
c w 17.65 11 51 28 81 17558 486361 29788 1820 22500 41% 10 982 14%
c t 17.67 11 51 28 81 17558 486361 29788 1792 22500 41% 10 982 14%
c - 17.86 12 51 28 82 17900 491333 28190 1793 22500 41% 10 982 14%
c - 18.19 12 51 28 83 18434 500388 30543 1793 22500 41% 10 982 14%
c - 18.52 12 51 28 84 18967 509499 31696 1794 22500 41% 10 982 14%
c - 18.88 12 51 28 85 19534 518665 32565 1794 22500 42% 10 982 14%
c - 19.21 12 51 28 86 20073 527884 33205 1794 22500 42% 10 982 14%
c } 19.29 11 50 29 86 20167 530456 35715 1794 22500 42% 10 982 14%
c [ 19.29 11 44 29 86 20167 530456 35715 1794 22500 50% 26 982 14%
c W 19.30 12 44 29 86 20167 530456 35715 1794 22500 50% 26 982 14%
c - 19.52 12 45 29 87 20172 537159 32442 1794 22500 50% 27 982 14%
c u 19.77 12 45 29 87 20173 542600 37849 1804 22500 50% 27 982 14%
c v 19.82 12 45 29 87 20173 542600 37848 1805 22500 50% 27 982 14%
c
c  seconds   switched     conflicts        irredundant  variables
c         MB   reductions        redundant         trail    remaining
c          level    restarts            binary         glue
c
c w 19.87 13 45 29 87 20173 542600 37929 1818 22406 50% 27 982 14%
c t 19.90 13 45 29 87 20173 542600 37929 1798 22406 50% 27 982 14%
c - 20.05 12 45 29 88 20176 546488 30573 1798 22406 50% 27 982 14%
c - 20.39 13 46 29 89 20181 555869 29707 1798 22406 50% 28 982 14%
c - 20.72 12 46 29 90 20183 565304 29944 1798 22406 50% 28 982 14%
c - 21.02 13 46 29 91 20188 574790 30413 1798 22406 50% 27 982 14%
c O 21.16 11 46 29 91 20191 578617 34209 1798 22406 50% 27 982 14%
c - 21.29 12 46 29 92 20195 584331 31112 1798 22406 49% 27 982 14%
c ] 21.55 13 46 30 92 20196 592940 39630 1798 22406 49% 26 982 14%
c { 21.55 13 50 30 92 20196 592940 39630 1798 22406 42% 10 982 14%
c - 21.59 13 50 30 93 20255 593923 32041 1798 22406 42% 10 982 14%
c u 21.97 13 50 30 93 20858 602202 40188 1808 22406 42% 10 982 14%
c v 22.01 12 50 30 93 20858 602202 40187 1809 22406 42% 10 982 14%
c w 22.06 13 50 30 93 20858 602202 40187 1809 22406 42% 10 982 14%
c t 22.09 13 50 30 93 20858 602202 40187 1800 22406 42% 10 982 14%
c - 22.14 13 50 30 94 20897 603568 33863 1800 22406 42% 10 982 14%
c s 22.50 13 50 30 94 21406 612812 42977 1801 22249 42% 10 982 14%
c e 22.53 10 50 30 94 21406 612812 42977 1799 22296 42% 10 978 14%
c s 22.53 10 50 30 94 21406 612812 42977 1799 22291 42% 10 978 14%
c - 22.56 12 50 30 95 21440 613264 35524 1799 22291 42% 10 978 14%
c
c  seconds   switched     conflicts        irredundant  variables
c         MB   reductions        redundant         trail    remaining
c          level    restarts            binary         glue
c
c - 22.95 13 50 30 96 22080 623010 36692 1800 22291 42% 10 978 14%
c - 23.34 13 50 30 97 22594 632808 37467 1801 22291 42% 10 978 14%
c - 23.73 13 50 30 98 23139 642656 38142 1802 22291 42% 10 978 14%
c } 23.92 13 50 31 98 23455 647374 42804 1802 22291 42% 10 978 14%
c [ 23.92 13 46 31 98 23455 647374 42804 1802 22291 49% 26 978 14%
c B 23.92 13 46 31 98 23455 647374 42804 1802 22291 49% 26 978 14%
c - 24.14 13 46 31 99 23459 652555 37712 1802 22291 49% 27 978 14%
c - 24.61 13 46 31 100 23464 662506 35689 1802 22291 50% 27 978 14%
c u 24.78 12 46 31 100 23466 665245 38366 1847 22291 50% 27 978 14%
c v 24.83 13 46 31 100 23466 665245 38364 1849 22291 50% 27 978 14%
c w 24.89 13 46 31 100 23466 665245 38375 1849 22278 50% 27 977 14%
c t 24.92 13 46 31 100 23466 665245 38366 1803 22272 50% 27 977 14%
c i 24.92 13 46 31 100 23466 665245 38366 1803 22272 50% 27 977 14%
c - 25.25 13 46 31 101 23469 672507 34819 1799 22272 51% 27 977 14%
c - 25.72 13 45 31 102 23472 682559 34761 1799 22272 51% 27 977 14%
c - 26.15 13 45 31 103 23477 692660 34995 1799 22272 51% 27 977 14%
c - 26.55 13 45 31 104 23483 702808 34905 1799 22272 51% 27 977 14%
c W 26.64 13 45 31 104 23483 704962 37052 1799 22272 51% 27 977 14%
c ] 26.68 13 46 32 104 23484 706007 38089 1799 22272 51% 27 977 14%
c { 26.68 13 50 32 104 23484 706007 38089 1799 22272 42% 10 977 14%
c
c  seconds   switched      conflicts        irredundant  variables
c         MB   reductions         redundant         trail    remaining
c          level     restarts            binary         glue
c
c - 26.97 14 50 32 105 23875 713006 36736 1800 22272 43% 10 977 14%
c - 27.41 13 50 32 106 24575 723253 39379 1800 22272 43% 10 977 14%
c u 27.84 13 50 32 106 25084 731695 47613 1866 22272 43% 10 977 14%
c v 27.91 13 50 32 106 25084 731695 47613 1866 22272 43% 10 977 14%
c w 27.97 13 50 32 106 25084 731695 47647 1866 22238 43% 10 977 14%
c t 28.00 13 50 32 106 25084 731695 47647 1803 22238 43% 10 977 14%
c - 28.09 14 50 32 107 25203 733549 40850 1803 22238 43% 10 977 14%
c - 28.56 12 50 32 108 25869 743893 41909 1804 22238 43% 10 977 14%
c - 29.01 14 50 32 109 26437 754287 42696 1805 22238 43% 10 977 14%
c - 29.45 12 50 32 110 27044 764727 43311 1805 22238 43% 10 977 14%
c } 29.52 13 50 33 110 27097 767113 45646 1806 22238 43% 10 977 14%
c [ 29.52 13 46 33 110 27097 767113 45646 1806 22238 51% 27 977 14%
c I 29.54 13 46 33 110 27097 767513 46045 1806 22238 51% 27 977 14%
c s 29.63 13 46 33 110 27099 769809 48340 1806 22168 51% 27 977 14%
c e 29.65 11 46 33 110 27099 769809 48340 1804 22201 51% 27 975 14%
c - 29.85 13 46 33 111 27102 775216 42591 1804 22201 51% 27 975 14%
c - 30.21 13 45 33 112 27109 785751 41064 1804 22201 50% 26 975 14%
c - 30.59 13 44 33 113 27111 796335 40549 1804 22201 50% 26 975 14%
c u 30.85 14 44 33 113 27113 801639 45812 1805 22201 49% 26 975 14%
c v 30.91 12 44 33 113 27113 801639 45811 1806 22201 49% 26 975 14%
c
c  seconds   switched      conflicts        irredundant  variables
c         MB   reductions         redundant         trail    remaining
c          level     restarts            binary         glue
c
c w 30.97 13 44 33 113 27113 801639 45838 1806 22174 49% 26 975 14%
c t 31.00 13 44 33 113 27113 801639 45838 1805 22174 49% 26 975 14%
c - 31.20 14 44 33 114 27117 806966 40808 1805 22174 49% 25 975 14%
c - 31.65 13 44 33 115 27123 817643 40775 1805 22174 49% 26 975 14%
c - 32.09 14 44 33 116 27126 828366 40127 1805 22174 50% 26 975 14%
c B 32.33 13 44 33 116 27127 835196 46922 1805 22174 49% 26 975 14%
c - 32.49 13 45 33 117 27127 839137 40355 1805 22174 50% 27 975 14%
c ] 32.78 13 45 34 117 27127 846944 48118 1805 22174 50% 27 975 14%
c { 32.78 13 50 34 117 27127 846944 48118 1805 22174 43% 10 975 14%
c - 32.96 14 50 34 118 27375 849953 41226 1807 22174 43% 10 975 14%
c - 33.46 14 50 34 119 28349 860815 43591 1814 22174 43% 10 975 14%
c - 34.03 14 51 34 120 29077 871724 46247 1820 22174 43% 10 975 14%
c u 34.29 14 52 34 120 29297 875077 49544 1827 22174 43% 10 975 14%
c v 34.37 13 52 34 120 29297 875077 49539 1832 22174 43% 10 975 14%
c w 34.44 14 52 34 120 29297 875077 49571 1838 22136 43% 10 975 14%
c t 34.46 14 52 34 120 29297 875077 49571 1823 22136 43% 10 975 14%
c - 34.87 15 52 34 121 29860 882678 47838 1828 22136 43% 11 975 14%
c - 35.44 14 52 34 122 30693 893678 48806 1839 22136 43% 11 975 14%
c - 36.09 15 53 34 123 31594 904724 49507 1847 22136 43% 11 975 14%
c } 36.71 15 53 35 123 32489 915090 59807 1855 22136 43% 11 975 14%
c
c  seconds   switched      conflicts        irredundant  variables
c         MB   reductions         redundant         trail    remaining
c          level     restarts            binary         glue
c
c [ 36.71 15 45 35 123 32489 915090 59807 1855 22136 50% 27 975 14%
c W 36.74 15 45 35 123 32489 915090 59807 1855 22136 50% 27 975 14%
c - 36.77 15 46 35 124 32489 915815 50051 1855 22136 50% 27 975 14%
c - 37.22 14 46 35 125 32495 926951 48341 1855 22136 49% 27 975 14%
c - 37.69 15 46 35 126 32502 938133 45977 1855 22136 50% 27 975 14%
c s 38.20 14 46 35 126 32504 948439 56249 1855 22080 51% 27 975 14%
c e 38.22 11 46 35 126 32504 948439 56249 1845 22094 51% 27 974 14%
c - 38.30 13 46 35 127 32505 949358 45181 1845 22094 51% 27 974 14%
c u 38.52 15 46 35 127 32506 952071 47876 1852 22094 51% 28 974 14%
c v 38.61 15 46 35 127 32506 952071 47876 1852 22094 51% 28 974 14%
c w 38.70 15 46 35 127 32506 952071 47886 1852 22084 51% 28 974 14%
c t 38.73 15 46 35 127 32506 952071 47886 1840 22084 51% 28 974 14%
c - 39.18 14 46 35 128 32511 960628 44996 1840 22084 51% 28 974 14%
c - 39.69 15 46 35 129 32517 971944 45230 1840 22084 52% 28 974 14%
c - 40.23 14 46 35 130 32519 983302 45425 1840 22084 52% 28 974 14%
c O 40.72 15 46 35 130 32519 993518 55564 1840 22084 52% 29 974 14%
c - 40.76 15 46 35 131 32519 994705 45772 1840 22084 52% 29 974 14%
c - 41.19 14 46 35 132 32526 1006151 46272 1840 22084 52% 29 974 14%
c - 41.65 15 47 35 133 32532 1017640 45932 1840 22084 51% 29 974 14%
c ] 41.70 13 47 36 133 32533 1019293 47578 1840 22084 51% 29 974 14%
c
c  seconds   switched       conflicts        irredundant  variables
c         MB   reductions          redundant         trail    remaining
c          level     restarts             binary         glue
c
c { 41.70 13 53 36 133 32533 1019293 47578 1840 22084 43% 11 974 14%
c - 42.14 14 53 36 134 32984 1029173 48364 1842 22084 43% 11 974 14%
c u 42.38 14 53 36 134 33118 1032648 51757 1890 22084 43% 11 974 14%
c v 42.45 14 53 36 134 33118 1032648 51745 1902 22084 43% 11 974 14%
c w 42.52 15 53 36 134 33118 1032648 51754 1902 22075 43% 11 974 14%
c t 42.55 15 53 36 134 33118 1032648 51754 1843 22075 43% 11 974 14%
c - 42.93 15 53 36 135 33560 1040748 51230 1843 22075 44% 11 974 14%
c - 43.52 15 52 36 136 34204 1052366 52669 1843 22075 44% 11 974 14%
c - 44.11 15 52 36 137 34820 1064027 53578 1844 22075 44% 11 974 14%
c - 44.74 15 52 36 138 35570 1075733 54368 1845 22075 44% 11 974 14%
c - 45.34 16 52 36 139 36279 1087481 54789 1845 22075 44% 11 974 14%
c } 45.64 15 51 37 139 36444 1094852 62082 1845 22075 45% 11 974 14%
c [ 45.64 15 47 37 139 36444 1094852 62082 1845 22075 51% 29 974 14%
c B 45.64 15 47 37 139 36444 1094852 62082 1845 22075 51% 29 974 14%
c - 45.84 15 47 37 140 36447 1099270 54788 1845 22075 51% 29 974 14%
c - 46.40 15 47 37 141 36453 1111102 52869 1845 22075 51% 29 974 14%
c u 46.77 13 47 37 141 36457 1116825 58565 1853 22075 51% 29 974 14%
c v 46.87 15 47 37 141 36457 1116825 58555 1863 22075 51% 29 974 14%
c w 46.96 15 47 37 141 36457 1116825 58578 1863 22052 51% 29 974 14%
c t 46.99 15 47 37 141 36457 1116825 58578 1846 22052 51% 29 974 14%
c
c  seconds   switched       conflicts        irredundant  variables
c         MB   reductions          redundant         trail    remaining
c          level     restarts             binary         glue
c
c - 47.34 16 47 37 142 36458 1122978 51087 1846 22052 51% 29 974 14%
c - 47.95 15 46 37 143 36464 1134894 50816 1846 22052 51% 29 974 14%
c - 48.52 16 46 37 144 36471 1146852 51225 1846 22052 51% 29 974 14%
c s 48.63 13 46 37 144 36472 1149598 53957 1846 22034 52% 29 974 14%
c e 48.65 12 46 37 144 36472 1149598 53957 1845 22060 52% 29 972 14%
c s 48.65 12 46 37 144 36472 1149598 53957 1845 22059 52% 29 972 14%
c - 49.09 14 46 37 145 36473 1158853 50648 1845 22059 52% 29 972 14%
c - 49.73 15 46 37 146 36474 1170894 50220 1845 22059 52% 30 972 14%
c ] 50.18 15 46 38 146 36477 1179772 59058 1845 22059 52% 30 972 14%
c { 50.18 15 51 38 146 36477 1179772 59058 1845 22059 45% 11 972 14%
c i 50.18 15 51 38 146 36478 1179794 59076 1848 22059 45% 11 971 14%
c - 50.36 15 51 38 147 36854 1182977 50864 1844 22059 45% 11 971 14%
c - 50.95 16 49 38 148 37735 1195102 54135 1844 22059 45% 11 971 14%
c i 51.16 15 49 38 148 37939 1199105 58092 1848 22059 45% 11 970 14%
c i 51.25 15 48 38 148 38067 1200486 59457 1850 22059 45% 11 969 14%
c i 51.26 15 48 38 148 38067 1200492 59459 1852 22059 45% 11 968 14%
c u 51.57 15 48 38 148 38474 1204650 63514 1869 22004 45% 11 968 14%
c v 51.68 15 48 38 148 38474 1204650 63514 1869 22004 45% 11 968 14%
c w 51.78 16 48 38 148 38474 1204650 63547 1870 21970 45% 11 968 14%
c t 51.80 16 48 38 148 38474 1204650 63547 1853 21970 45% 11 968 14%
c
c  seconds   switched       conflicts        irredundant  variables
c         MB   reductions          redundant         trail    remaining
c          level     restarts             binary         glue
c
c - 51.95 16 48 38 149 38717 1207268 56837 1848 21970 45% 11 968 14%
c - 52.60 16 46 38 150 39403 1219474 58616 1848 21970 45% 11 968 14%
c - 53.20 16 45 38 151 40284 1231721 59439 1848 21970 45% 11 968 14%
c - 53.82 16 44 38 152 41113 1244010 59890 1848 21970 45% 11 968 14%
c - 54.44 16 43 38 153 42377 1256338 60009 1849 21970 44% 11 968 14%
c } 54.78 15 43 39 153 42809 1263106 66720 1851 21970 45% 11 968 14%
c [ 54.78 15 46 39 153 42809 1263106 66720 1851 21970 52% 30 968 14%
c W 54.80 15 46 39 153 42809 1263106 66720 1851 21970 52% 30 968 14%
c - 55.06 16 47 39 154 42813 1268707 59770 1851 21970 52% 30 968 14%
c - 55.63 15 46 39 155 42820 1281116 57974 1851 21970 53% 30 968 14%
c - 56.26 16 46 39 156 42823 1293566 56351 1851 21970 53% 30 968 14%
c u 56.51 15 46 39 156 42824 1296101 58869 1865 21970 53% 29 968 14%
c v 56.61 16 46 39 156 42824 1296101 58868 1866 21970 53% 29 968 14%
c w 56.71 16 46 39 156 42824 1296101 58898 1866 21940 53% 29 968 14%
c t 56.74 16 46 39 156 42824 1296101 58898 1851 21940 53% 29 968 14%
c - 57.22 15 45 39 157 42830 1306055 56227 1852 21940 53% 29 968 14%
c - 57.79 16 45 39 158 42837 1318585 56518 1852 21940 53% 29 968 14%
c - 58.42 15 44 39 159 42839 1331154 56464 1852 21940 53% 29 968 14%
c - 58.96 16 44 39 160 42839 1343763 56724 1853 21940 52% 28 968 14%
c - 59.45 15 43 39 161 42846 1356413 57336 1853 21940 52% 27 968 14%
c
c  seconds   switched       conflicts        irredundant  variables
c         MB   reductions          redundant         trail    remaining
c          level     restarts             binary         glue
c
c I 59.53 15 43 39 161 42847 1358820 59714 1853 21940 52% 27 968 14%
c - 59.99 16 43 39 162 42853 1369101 58247 1853 21940 53% 27 968 14%
c s 60.22 16 43 39 162 42854 1374166 63296 1853 21891 53% 26 968 14%
c e 60.24 12 43 39 162 42854 1374166 63296 1849 21966 53% 26 962 14%
c s 60.25 12 43 39 162 42854 1374166 63296 1849 21956 53% 26 962 14%
c ] 60.28 14 43 40 162 42854 1374815 63886 1849 21956 53% 26 962 14%
c { 60.28 14 43 40 162 42854 1374815 63886 1849 21956 45% 11 962 14%
c - 60.67 16 43 40 163 43202 1381828 59866 1849 21956 45% 11 962 14%
c u 61.28 16 44 40 163 43738 1391222 69115 1877 21956 45% 11 962 14%
c v 61.38 17 44 40 163 43738 1391222 69115 1877 21956 45% 11 962 14%
c w 61.47 17 44 40 163 43738 1391222 69138 1877 21933 45% 11 962 14%
c t 61.50 17 44 40 163 43738 1391222 69138 1849 21933 45% 11 962 14%
c - 61.69 17 44 40 164 43924 1394596 62125 1849 21933 45% 11 962 14%
c - 62.47 16 44 40 165 44772 1407402 63958 1849 21933 45% 11 962 14%
c - 63.18 20 45 40 166 45407 1420247 64968 1849 21933 45% 11 962 14%
c - 63.96 20 45 40 167 46252 1433132 65659 1849 21933 45% 11 962 14%
c - 64.70 17 46 40 168 46925 1446055 66352 1850 21933 45% 11 962 14%
c - 65.55 20 46 40 169 47845 1459017 67088 1850 21933 46% 11 962 14%
c } 65.98 20 46 41 169 48326 1466288 74309 1850 21933 46% 11 962 14%
c [ 65.98 20 43 41 169 48326 1466288 74309 1850 21933 53% 26 962 14%
c
c  seconds   switched       conflicts        irredundant  variables
c         MB   reductions          redundant         trail    remaining
c          level     restarts             binary         glue
c
c B 65.98 20 43 41 169 48326 1466288 74309 1850 21933 53% 26 962 14%
c - 66.26 20 44 41 170 48330 1472017 66687 1850 21933 53% 27 962 14%
c - 66.97 19 45 41 171 48338 1485056 64112 1850 21933 53% 28 962 14%
c u 67.39 19 45 41 171 48339 1490053 69076 1870 21933 53% 28 962 14%
c v 67.52 19 45 41 171 48339 1490053 69076 1870 21933 53% 28 962 14%
c w 67.65 19 45 41 171 48339 1490053 69087 1870 21922 53% 28 962 14%
c t 67.68 19 45 41 171 48339 1490053 69087 1850 21922 53% 28 962 14%
c - 68.17 22 45 41 172 48340 1498133 62266 1850 21922 53% 28 962 14%
c - 68.87 18 44 41 173 48347 1511249 62035 1850 21922 54% 28 962 14%
c - 69.47 19 44 41 174 48355 1524401 62671 1850 21922 53% 27 962 14%
c - 70.11 18 43 41 175 48356 1537592 62891 1850 21922 53% 27 962 14%
c - 70.72 19 42 41 176 48359 1550821 63341 1850 21922 54% 26 962 14%
c - 71.38 19 41 41 177 48366 1564087 63959 1850 21922 53% 26 962 14%
c W 71.91 19 41 41 177 48371 1574275 74080 1850 21922 54% 25 962 14%
c - 72.04 19 42 41 178 48371 1577391 64206 1850 21922 53% 25 962 14%
c ] 72.54 18 42 42 178 48377 1588652 75411 1850 21922 53% 26 962 14%
c { 72.54 18 46 42 178 48377 1588652 75411 1850 21922 46% 11 962 14%
c - 72.68 19 46 42 179 48499 1590734 64463 1850 21922 46% 11 962 14%
c u 72.88 18 46 42 179 48539 1592628 66293 1869 21922 46% 11 962 14%
c v 72.98 19 46 42 179 48539 1592628 66293 1869 21922 46% 11 962 14%
c
c  seconds   switched       conflicts        irredundant  variables
c         MB   reductions          redundant         trail    remaining
c          level     restarts             binary         glue
c
c w 73.09 19 46 42 179 48539 1592628 66299 1869 21916 46% 11 962 14%
c t 73.12 19 46 42 179 48539 1592628 66299 1850 21916 46% 11 962 14%
c - 73.79 22 46 42 180 49195 1604116 66970 1850 21916 46% 11 962 14%
c - 74.63 22 47 42 181 49999 1617533 69840 1850 21916 46% 11 962 14%
c s 74.93 22 47 42 181 50239 1622821 75092 1850 21894 46% 11 962 14%
c - 75.50 22 47 42 182 50735 1630988 71236 1850 21894 46% 11 962 14%
c - 76.34 22 47 42 183 51516 1644478 71977 1850 21894 46% 11 962 14%
c - 77.12 22 47 42 184 52210 1658005 72491 1850 21894 45% 11 962 14%
c - 78.05 19 47 42 185 53144 1671570 73143 1850 21894 46% 11 962 14%
c - 78.90 22 47 42 186 53894 1685171 73988 1850 21894 46% 11 962 14%
c } 79.13 22 47 43 186 54132 1688626 77429 1850 21894 46% 11 962 14%
c [ 79.13 22 42 43 186 54132 1688626 77429 1850 21894 53% 26 962 14%
c O 79.13 22 42 43 186 54132 1688626 77429 1850 21894 53% 26 962 14%
c - 79.56 22 43 43 187 54138 1698810 73105 1850 21894 53% 26 962 14%
c u 79.74 19 43 43 187 54138 1698971 73219 1897 21894 53% 26 962 14%
c v 79.89 19 43 43 187 54138 1698971 73219 1897 21894 53% 26 962 14%
c w 80.04 22 43 43 187 54138 1698971 73254 1897 21859 53% 26 962 14%
c t 80.06 22 43 43 187 54138 1698971 73254 1851 21859 53% 26 962 14%
c - 80.73 22 44 43 188 54145 1712484 70578 1851 21859 53% 27 962 14%
c - 81.44 19 45 43 189 54150 1726197 69186 1851 21859 53% 27 962 14%
c
c  seconds   switched       conflicts        irredundant  variables
c         MB   reductions          redundant         trail    remaining
c          level     restarts             binary         glue
c
c - 82.08 22 45 43 190 54158 1739945 69254 1851 21859 53% 27 962 14%
c - 82.69 19 44 43 191 54161 1753729 69750 1851 21859 53% 27 962 14%
c - 83.34 19 44 43 192 54162 1767551 69826 1851 21859 53% 26 962 14%
c - 84.05 22 44 43 193 54169 1781409 70161 1851 21859 53% 27 962 14%
c - 84.62 19 44 43 194 54176 1795303 70438 1851 21859 52% 27 962 14%
c u 85.38 19 43 43 194 54181 1809074 84002 1923 21859 51% 26 962 14%
c v 85.52 22 43 43 194 54181 1809074 84002 1923 21859 51% 26 962 14%
c w 85.64 22 43 43 194 54181 1809074 84023 1923 21838 51% 26 962 14%
c t 85.67 22 43 43 194 54181 1809074 84023 1854 21838 51% 26 962 14%
c - 85.69 22 43 43 195 54181 1809231 70811 1854 21838 51% 26 962 14%
c B 85.70 17 43 43 195 54182 1809459 71039 1854 21838 51% 26 962 14%
c - 86.38 19 44 43 196 54190 1823195 71124 1854 21838 52% 26 962 14%
c - 87.17 22 45 43 197 54192 1837195 70484 1854 21838 52% 27 962 14%
c ] 87.19 17 45 44 197 54193 1837478 70767 1854 21838 52% 27 962 14%
c { 87.19 17 47 44 197 54193 1837478 70767 1854 21838 46% 11 962 14%
c - 87.97 22 47 44 198 54907 1851230 73379 1854 21838 46% 11 962 14%
c - 88.91 19 47 44 199 55874 1865303 76487 1854 21838 46% 11 962 14%
c - 89.94 22 47 44 200 56896 1879410 77853 1855 21838 46% 11 962 14%
c - 90.98 22 47 44 201 57896 1893552 78846 1856 21838 46% 11 962 14%
c s 91.19 22 47 44 201 58128 1896376 81642 1856 21834 46% 11 962 14%
c
c  seconds   switched       conflicts        irredundant  variables
c         MB   reductions          redundant         trail    remaining
c          level     restarts             binary         glue
c
c - 92.02 22 47 44 202 58815 1907730 79516 1856 21834 46% 11 962 14%
c - 93.01 19 47 44 203 59707 1921944 80242 1857 21834 46% 11 962 14%
c u 93.27 22 47 44 203 59750 1922968 81263 1857 21834 46% 11 962 14%
c v 93.43 22 47 44 203 59750 1922968 81263 1857 21834 46% 11 962 14%
c w 93.60 22 47 44 203 59750 1922968 81295 1857 21802 46% 11 962 14%
c - 94.52 22 47 44 204 60542 1936192 80928 1857 21802 46% 11 962 14%
c } 95.18 19 47 45 204 61087 1946309 90963 1858 21802 46% 11 962 14%
c [ 95.18 19 45 45 204 61087 1946309 90963 1858 21802 52% 27 962 14%
c W 95.19 19 45 45 204 61087 1946309 90963 1858 21802 52% 27 962 14%
c - 95.39 22 45 45 205 61090 1950474 80690 1858 21802 52% 27 962 14%
c - 96.08 22 45 45 206 61098 1964791 78445 1858 21802 52% 27 962 14%
c - 96.67 19 44 45 207 61101 1979144 76944 1858 21802 51% 26 962 14%
c - 97.47 22 44 45 208 61110 1993532 76758 1858 21802 52% 26 962 14%
c - 98.23 19 42 45 209 61116 2007954 76694 1859 21802 52% 26 962 14%
c - 99.15 22 41 45 210 61117 2022411 77469 1859 21802 53% 25 962 14%
c - 99.99 18 41 45 211 61123 2036905 78289 1859 21802 54% 25 962 14%
c u 100.35 22 42 45 211 61124 2040677 82051 1860 21802 54% 25 962 14%
c v 100.50 22 42 45 211 61124 2040677 82051 1860 21802 54% 25 962 14%
c w 100.63 22 42 45 211 61124 2040677 82079 1860 21774 54% 25 962 14%
c t 100.66 22 42 45 211 61124 2040677 82079 1859 21774 54% 25 962 14%
c
c  seconds    switched       conflicts        irredundant  variables
c          MB   reductions          redundant         trail    remaining
c           level     restarts             binary         glue
c
c - 101.28 19 42 45 212 61131 2051432 78348 1859 21774 54% 25 962 14%
c - 102.05 22 42 45 213 61136 2065992 77824 1859 21774 54% 25 962 14%
c I 102.92 22 42 45 213 61145 2080548 92297 1859 21774 54% 26 962 14%
c - 102.93 22 42 45 214 61145 2080586 78264 1859 21774 54% 26 962 14%
c - 103.77 22 41 45 215 61148 2095214 78539 1859 21774 55% 26 962 14%
c ] 104.13 18 41 46 215 61148 2101884 85169 1859 21774 55% 25 962 14%
c { 104.13 18 47 46 215 61148 2101884 85169 1859 21774 46% 11 962 14%
c - 104.72 22 47 46 216 61659 2109878 80105 1859 21774 46% 11 962 14%
c - 105.81 22 47 46 217 62668 2124575 83255 1860 21774 46% 11 962 14%
c - 106.88 22 47 46 218 63671 2139306 84918 1860 21774 46% 11 962 14%
c - 108.01 22 47 46 219 64694 2154070 85897 1860 21774 46% 11 962 14%
c u 108.81 19 47 46 219 65205 2162205 93957 1868 21774 46% 11 962 14%
c v 109.00 22 47 46 219 65205 2162205 93957 1868 21774 46% 11 962 14%
c w 109.17 22 47 46 219 65205 2162205 93973 1868 21758 46% 11 962 14%
c t 109.20 22 47 46 219 65205 2162205 93973 1861 21758 46% 11 962 14%
c - 109.72 22 47 46 220 65637 2168869 86763 1861 21758 46% 11 962 14%
c - 110.79 22 47 46 221 66492 2183701 87621 1861 21758 46% 11 962 14%
c s 111.64 22 47 46 221 67234 2195569 99373 1862 21757 46% 11 962 14%
c - 111.90 22 47 46 222 67384 2198567 88158 1862 21757 46% 11 962 14%
c - 112.94 22 47 46 223 68113 2213467 88779 1862 21757 46% 11 962 14%
c
c  seconds    switched       conflicts        irredundant  variables
c          MB   reductions          redundant         trail    remaining
c           level     restarts             binary         glue
c
c } 113.38 22 47 47 223 68451 2219930 95189 1862 21757 46% 11 962 14%
c [ 113.38 22 41 47 223 68451 2219930 95189 1862 21757 55% 25 962 14%
c B 113.46 22 42 47 223 68452 2221695 96947 1862 21757 55% 25 962 14%
c - 113.83 22 42 47 224 68457 2228401 88365 1862 21757 55% 25 962 14%
c - 114.74 22 41 47 225 68464 2243367 85936 1862 21757 56% 25 962 14%
c - 115.66 22 41 47 226 68470 2258368 84252 1862 21757 56% 25 962 14%
c - 116.47 22 41 47 227 68478 2273402 84361 1862 21757 56% 25 962 14%
c u 117.47 22 41 47 227 68481 2287601 98505 1862 21757 55% 25 962 14%
c v 117.65 23 41 47 227 68481 2287601 98505 1862 21757 55% 25 962 14%
c w 117.82 23 41 47 227 68481 2287601 98544 1862 21718 55% 25 962 14%
c - 117.93 19 41 47 228 68481 2288469 84574 1862 21718 55% 25 962 14%
c - 118.89 22 41 47 229 68483 2303570 84182 1862 21718 55% 26 962 14%
c - 119.73 22 41 47 230 68491 2318703 84570 1862 21718 55% 26 962 14%
c - 120.57 22 41 47 231 68496 2333868 85337 1862 21718 55% 25 962 14%
c - 121.39 22 42 47 232 68505 2349066 85875 1862 21718 55% 25 962 14%
c - 122.27 22 42 47 233 68511 2364297 86369 1862 21718 55% 25 962 14%
c W 122.62 22 41 47 233 68512 2369883 91927 1862 21718 55% 25 962 14%
c - 123.19 22 42 47 234 68512 2379561 86380 1862 21718 55% 25 962 14%
c ] 123.74 19 41 48 234 68513 2390326 97107 1862 21718 55% 25 962 14%
c { 123.74 19 47 48 234 68513 2390326 97107 1862 21718 46% 11 962 14%
c
c  seconds    switched       conflicts        irredundant  variables
c          MB   reductions          redundant         trail    remaining
c           level     restarts             binary         glue
c
c - 124.13 22 47 48 235 68773 2394859 87304 1862 21718 46% 11 962 14%
c - 125.21 22 47 48 236 69605 2410188 89936 1862 21718 46% 11 962 14%
c u 125.90 18 47 48 236 70002 2416858 96564 1863 21718 46% 11 962 14%
c v 126.08 22 47 48 236 70002 2416858 96564 1863 21718 46% 11 962 14%
c w 126.24 22 47 48 236 70002 2416858 96621 1863 21661 46% 11 962 14%
c t 126.27 22 47 48 236 70002 2416858 96621 1862 21661 46% 11 962 14%
c - 126.97 22 47 48 237 70532 2425553 92515 1862 21661 46% 11 962 14%
c - 128.19 22 47 48 238 71515 2440948 93808 1862 21661 46% 11 962 14%
c - 129.46 22 47 48 239 72510 2456375 94698 1862 21661 46% 11 962 14%
c - 130.67 22 47 48 240 73457 2471834 95508 1863 21661 46% 11 962 14%
c - 131.91 22 47 48 241 74449 2487325 96076 1863 21661 46% 11 962 14%
c - 133.25 22 47 48 242 75572 2502851 96679 1863 21661 46% 11 962 14%
c } 134.48 22 47 49 242 76579 2517936 111639 1863 21661 46% 11 962 14%
c [ 134.48 22 41 49 242 76579 2517936 111639 1863 21661 55% 25 962 14%
c - 134.52 22 42 49 243 76579 2518408 97250 1863 21661 55% 25 962 14%
c O 134.96 22 42 49 243 76584 2525245 104058 1863 21661 55% 25 962 14%
c - 135.46 22 43 49 244 76588 2533996 95300 1863 21661 55% 26 962 14%
c - 136.39 22 43 49 245 76593 2549617 92327 1863 21661 55% 26 962 14%
c u 136.68 22 43 49 245 76593 2549971 92680 1863 21661 55% 26 962 14%
c v 136.92 22 43 49 245 76593 2549971 92680 1863 21661 55% 26 962 14%
c
c  seconds    switched       conflicts        irredundant  variables
c          MB   reductions          redundant         trail    remaining
c           level     restarts             binary         glue
c
c w 137.14 22 43 49 245 76593 2549971 92705 1863 21636 55% 26 962 14%
c - 138.09 22 43 49 246 76603 2565269 91457 1863 21636 55% 26 962 14%
c - 139.04 22 42 49 247 76608 2580954 91745 1863 21636 55% 25 962 14%
c - 139.90 20 41 49 248 76609 2596670 92306 1863 21636 56% 25 962 14%
c - 140.86 22 40 49 249 76616 2612418 92978 1863 21636 56% 25 962 14%
c - 141.80 22 40 49 250 76624 2628197 93401 1863 21636 56% 25 962 14%
c ] 142.43 22 39 49 250 76629 2638704 103870 1863 21636 56% 24 962 14%
c 1 142.43 22 47 49 250 76629 2638704 103870 1863 21636 46% 11 962 14%
c
c ---- [ result ] ------------------------------------------------------------
c
s SATISFIABLE
v -1 -2 -3 -4 -5 6 -7 -8 -9 -10 -11 -12 -13 -14 15 16 -17 -18 -19 -20 21 -22
v -23 24 -25 26 27 28 -29 -30 31 -32 -33 34 35 36 37 38 39 40 -41 -42 43 -44
v 45 -46 -47 -48 -49 -50 -51 52 -53 -54 55 -56 -57 -58 -59 -60 61 62 63 -64 65
v -66 67 68 -69 -70 71 72 73 74 -75 -76 -77 78 79 -80 81 82 83 84 85 -86 -87
v 88 -89 90 91 -92 93 -94 -95 96 97 98 99 100 101 102 103 -104 -105 -106 107
v 108 -109 -110 111 112 -113 114 115 -116 117 -118 -119 120 121 -122 123 124
v 125 -126 -127 -128 129 130 131 -132 -133 -134 -135 -136 -137 -138 -139 -140
v 141 -142 143 -144 145 146 147 -148 149 -150 -151 152 -153 154 -155 -156 157
v 158 -159 160 -161 -162 -163 -164 165 -166 167 -168 -169 -170 -171 -172 -173
v 174 175 -176 -177 -178 179 -180 -181 -182 183 -184 -185 -186 -187 -188 -189
v 190 -191 -192 193 194 -195 196 197 -198 199 200 -201 -202 203 204 205 206
v -207 -208 -209 -210 -211 212 -213 -214 -215 -216 217 218 -219 220 -221 -222
v 223 224 -225 -226 -227 228 229 230 -231 -232 -233 234 -235 -236 -237 238
v -239 -240 -241 242 -243 -244 -245 246 247 248 249 -250 251 252 253 254 -255
v 256 257 258 -259 260 261 262 263 -264 -265 -266 267 -268 269 -270 -271 -272
v 273 274 -275 -276 -277 -278 279 -280 -281 -282 -283 -284 285 -286 -287 -288
v -289 -290 291 292 -293 294 295 -296 -297 -298 299 300 -301 -302 303 -304
v -305 -306 307 -308 -309 -310 -311 312 313 314 315 316 317 -318 319 -320 -321
v -322 323 -324 325 -326 327 328 329 -330 -331 332 333 -334 -335 -336 337 -338
v 339 340 341 342 -343 -344 345 346 347 -348 -349 -350 -351 -352 353 354 355
v -356 357 -358 -359 360 -361 362 363 -364 365 366 -367 368 369 370 371 372
v 373 374 -375 376 377 378 -379 -380 381 382 383 -384 385 -386 387 -388 389
v 390 -391 -392 393 394 395 -396 -397 -398 399 400 -401 -402 -403 -404 -405
v -406 -407 -408 -409 410 411 412 -413 414 -415 -416 -417 -418 419 -420 -421
v -422 423 -424 425 -426 427 -428 -429 430 -431 432 433 434 -435 436 437 -438
v 439 440 -441 -442 443 -444 -445 -446 447 448 449 450 -451 452 453 -454 455
v -456 457 -458 459 -460 461 462 -463 -464 -465 466 467 -468 -469 470 -471
v -472 473 474 -475 -476 477 -478 -479 -480 -481 482 483 -484 -485 486 -487
v 488 489 -490 491 492 493 -494 495 496 497 498 -499 -500 501 502 503 504 -505
v -506 507 -508 -509 -510 -511 -512 513 -514 -515 -516 -517 -518 -519 -520
v -521 -522 -523 524 525 -526 -527 -528 529 -530 531 532 -533 -534 535 -536
v -537 -538 -539 540 -541 -542 543 544 -545 -546 547 -548 549 -550 -551 552
v 553 -554 555 556 557 -558 -559 -560 -561 -562 563 564 565 -566 567 568 -569
v -570 -571 572 573 574 -575 -576 577 -578 -579 580 581 582 -583 584 585 586
v 587 -588 589 -590 -591 -592 593 -594 595 -596 597 -598 599 600 -601 602 603
v 604 605 606 -607 608 -609 610 611 612 613 -614 -615 616 617 618 -619 620 621
v 622 623 624 -625 -626 627 -628 -629 630 -631 -632 633 -634 635 -636 -637
v -638 -639 640 -641 -642 -643 644 -645 -646 -647 -648 649 650 651 652 -653
v -654 -655 -656 -657 -658 -659 -660 -661 -662 663 664 665 -666 667 -668 669
v 670 -671 672 673 -674 -675 676 677 -678 -679 680 -681 -682 683 684 -685 -686
v 687 688 -689 690 -691 692 693 694 695 -696 697 -698 -699 -700 701 702 -703
v 704 -705 706 707 -708 709 710 -711 -712 713 -714 -715 -716 717 -718 719 -720
v -721 722 723 724 -725 726 -727 728 -729 -730 -731 732 -733 734 -735 -736 737
v -738 739 740 -741 742 -743 -744 -745 -746 747 -748 -749 750 751 -752 -753
v 754 755 756 -757 758 759 760 761 -762 763 -764 -765 766 -767 768 -769 770
v -771 772 773 774 -775 776 -777 778 779 -780 781 -782 -783 -784 785 786 787
v 788 -789 790 791 792 -793 794 -795 -796 797 798 799 800 801 -802 -803 -804
v -805 806 807 -808 809 810 811 812 -813 -814 815 816 817 818 819 -820 -821
v 822 823 -824 -825 -826 827 828 -829 830 831 -832 -833 834 -835 836 837 838
v -839 -840 841 842 -843 -844 -845 -846 -847 -848 849 -850 -851 -852 853 854
v -855 -856 -857 858 859 860 -861 -862 863 -864 -865 -866 -867 868 -869 870
v 871 -872 -873 874 875 876 877 -878 879 880 881 882 -883 -884 -885 886 887
v -888 -889 890 -891 -892 -893 894 -895 896 897 -898 899 -900 901 902 903 -904
v 905 906 -907 -908 -909 910 911 -912 913 914 -915 -916 -917 -918 919 920 921
v 922 923 -924 -925 926 -927 928 929 930 931 -932 933 -934 935 936 -937 -938
v 939 -940 -941 -942 -943 -944 -945 -946 -947 -948 -949 950 951 952 953 954
v -955 956 -957 -958 -959 -960 961 -962 963 -964 -965 -966 967 968 969 -970
v -971 -972 -973 974 -975 -976 -977 -978 979 980 -981 -982 -983 -984 -985 -986
v -987 -988 -989 990 991 -992 993 994 995 996 997 -998 999 1000 1001 1002 1003
v -1004 -1005 1006 1007 1008 -1009 1010 -1011 -1012 1013 1014 -1015 1016 1017
v 1018 1019 -1020 1021 1022 -1023 -1024 1025 1026 -1027 1028 -1029 1030 1031
v -1032 -1033 1034 -1035 -1036 -1037 1038 1039 1040 1041 1042 -1043 -1044
v -1045 1046 -1047 -1048 1049 1050 1051 -1052 -1053 -1054 1055 1056 -1057 1058
v 1059 -1060 -1061 -1062 1063 -1064 -1065 -1066 -1067 1068 -1069 1070 1071
v 1072 -1073 1074 -1075 1076 -1077 1078 -1079 -1080 1081 -1082 -1083 -1084
v -1085 -1086 1087 -1088 1089 -1090 -1091 -1092 -1093 -1094 1095 -1096 -1097
v -1098 -1099 -1100 -1101 -1102 -1103 1104 1105 -1106 -1107 -1108 1109 -1110
v 1111 -1112 1113 -1114 -1115 1116 1117 -1118 -1119 -1120 1121 1122 1123 -1124
v -1125 1126 1127 1128 1129 -1130 -1131 -1132 1133 -1134 1135 1136 1137 1138
v -1139 1140 1141 1142 -1143 1144 -1145 1146 -1147 1148 1149 -1150 1151 -1152
v -1153 -1154 1155 -1156 -1157 1158 -1159 -1160 1161 1162 -1163 1164 1165 1166
v -1167 -1168 -1169 -1170 1171 -1172 -1173 1174 -1175 1176 -1177 1178 -1179
v 1180 -1181 -1182 1183 1184 1185 -1186 -1187 1188 1189 -1190 1191 1192 -1193
v -1194 1195 1196 -1197 1198 1199 1200 1201 -1202 -1203 1204 1205 -1206 1207
v -1208 -1209 1210 -1211 -1212 -1213 -1214 -1215 -1216 -1217 -1218 -1219 1220
v -1221 -1222 -1223 1224 -1225 -1226 -1227 -1228 1229 1230 1231 -1232 1233
v -1234 1235 1236 1237 -1238 -1239 1240 1241 1242 1243 -1244 1245 1246 1247
v 1248 1249 -1250 -1251 -1252 1253 -1254 -1255 1256 1257 1258 -1259 -1260 1261
v 1262 -1263 1264 1265 1266 -1267 1268 1269 1270 1271 -1272 -1273 -1274 -1275
v -1276 -1277 1278 -1279 1280 1281 1282 -1283 1284 -1285 1286 -1287 -1288
v -1289 1290 1291 -1292 -1293 1294 1295 1296 -1297 1298 -1299 -1300 -1301
v -1302 1303 1304 -1305 -1306 -1307 1308 1309 1310 1311 1312 -1313 -1314 -1315
v 1316 -1317 1318 1319 -1320 1321 -1322 -1323 1324 -1325 -1326 1327 -1328
v -1329 -1330 1331 1332 -1333 1334 1335 1336 1337 -1338 1339 -1340 1341 1342
v -1343 -1344 1345 1346 1347 -1348 -1349 -1350 -1351 1352 1353 1354 -1355
v -1356 -1357 -1358 1359 -1360 -1361 -1362 1363 1364 -1365 -1366 -1367 1368
v -1369 1370 -1371 -1372 1373 -1374 -1375 -1376 -1377 1378 1379 1380 -1381
v -1382 -1383 -1384 -1385 -1386 1387 1388 -1389 -1390 -1391 1392 -1393 1394
v 1395 1396 1397 1398 1399 -1400 -1401 -1402 -1403 -1404 1405 -1406 1407 -1408
v 1409 -1410 -1411 1412 -1413 -1414 -1415 -1416 1417 1418 1419 1420 1421 1422
v 1423 -1424 1425 1426 1427 1428 -1429 -1430 -1431 -1432 -1433 1434 1435 -1436
v 1437 1438 -1439 1440 -1441 1442 -1443 -1444 1445 1446 -1447 -1448 1449 1450
v -1451 -1452 -1453 1454 1455 -1456 -1457 -1458 1459 -1460 -1461 -1462 -1463
v -1464 1465 -1466 -1467 -1468 -1469 -1470 1471 -1472 1473 1474 -1475 1476
v 1477 -1478 1479 -1480 1481 1482 1483 1484 -1485 1486 1487 1488 -1489 1490
v 1491 1492 1493 -1494 -1495 -1496 -1497 1498 1499 1500 1501 1502 -1503 -1504
v -1505 1506 -1507 1508 -1509 -1510 1511 -1512 -1513 1514 1515 -1516 -1517
v 1518 1519 -1520 1521 1522 -1523 -1524 1525 1526 -1527 -1528 1529 -1530 1531
v -1532 -1533 -1534 -1535 1536 -1537 1538 1539 1540 -1541 -1542 1543 -1544
v 1545 -1546 -1547 1548 -1549 -1550 1551 1552 -1553 1554 1555 1556 -1557 1558
v -1559 1560 1561 -1562 -1563 -1564 1565 -1566 1567 -1568 1569 1570 -1571
v -1572 1573 -1574 -1575 -1576 -1577 1578 -1579 1580 -1581 -1582 1583 1584
v -1585 -1586 -1587 1588 1589 1590 1591 -1592 -1593 -1594 1595 1596 1597 1598
v -1599 1600 1601 1602 -1603 -1604 1605 1606 1607 -1608 1609 -1610 1611 1612
v -1613 1614 1615 -1616 -1617 -1618 -1619 -1620 1621 1622 -1623 -1624 -1625
v 1626 -1627 -1628 1629 1630 1631 -1632 1633 -1634 -1635 -1636 -1637 -1638
v -1639 1640 1641 1642 1643 1644 -1645 1646 -1647 1648 -1649 1650 1651 -1652
v 1653 1654 1655 1656 -1657 -1658 -1659 -1660 -1661 -1662 -1663 1664 -1665
v -1666 -1667 -1668 1669 1670 1671 1672 1673 -1674 -1675 1676 -1677 -1678 1679
v -1680 1681 -1682 1683 1684 -1685 -1686 1687 1688 -1689 -1690 -1691 1692
v -1693 -1694 -1695 -1696 1697 -1698 -1699 1700 -1701 1702 -1703 1704 -1705
v -1706 1707 -1708 1709 1710 1711 1712 1713 -1714 1715 1716 -1717 -1718 -1719
v 1720 1721 -1722 1723 -1724 1725 1726 -1727 1728 1729 -1730 1731 -1732 1733
v 1734 1735 -1736 1737 1738 -1739 -1740 1741 -1742 1743 -1744 -1745 1746 -1747
v -1748 1749 1750 1751 1752 -1753 -1754 -1755 -1756 1757 1758 -1759 1760 1761
v -1762 -1763 1764 -1765 1766 1767 -1768 -1769 1770 1771 1772 -1773 1774 1775
v 1776 1777 1778 -1779 -1780 -1781 1782 1783 1784 -1785 -1786 1787 1788 1789
v 1790 1791 -1792 -1793 -1794 -1795 1796 1797 1798 1799 -1800 1801 1802 -1803
v 1804 -1805 -1806 -1807 -1808 -1809 -1810 -1811 1812 1813 1814 1815 -1816
v 1817 1818 1819 -1820 -1821 1822 1823 -1824 1825 -1826 1827 1828 -1829 -1830
v 1831 1832 -1833 1834 -1835 1836 -1837 1838 1839 -1840 1841 -1842 -1843 1844
v -1845 1846 -1847 -1848 -1849 1850 1851 -1852 -1853 -1854 -1855 -1856 1857
v -1858 1859 1860 1861 -1862 -1863 1864 1865 1866 -1867 1868 -1869 -1870 1871
v 1872 -1873 -1874 -1875 -1876 1877 -1878 1879 -1880 1881 -1882 1883 -1884
v 1885 1886 1887 1888 1889 -1890 1891 1892 1893 -1894 -1895 1896 1897 -1898
v 1899 1900 -1901 1902 -1903 -1904 1905 -1906 1907 -1908 -1909 -1910 1911
v -1912 1913 1914 1915 1916 1917 -1918 -1919 1920 1921 1922 1923 -1924 1925
v -1926 -1927 1928 1929 1930 1931 1932 -1933 1934 -1935 1936 1937 -1938 1939
v 1940 1941 1942 -1943 -1944 -1945 1946 1947 -1948 -1949 1950 -1951 1952 1953
v 1954 1955 -1956 -1957 -1958 1959 1960 -1961 -1962 1963 1964 1965 -1966 -1967
v 1968 -1969 -1970 -1971 -1972 1973 -1974 1975 1976 1977 1978 1979 -1980 -1981
v -1982 1983 1984 -1985 -1986 -1987 -1988 -1989 1990 -1991 1992 1993 -1994
v 1995 -1996 1997 -1998 1999 -2000 -2001 -2002 -2003 -2004 -2005 -2006 2007
v -2008 2009 2010 -2011 2012 -2013 -2014 2015 -2016 2017 2018 2019 -2020 2021
v 2022 2023 -2024 -2025 2026 2027 2028 -2029 2030 -2031 -2032 -2033 2034 -2035
v -2036 2037 2038 -2039 -2040 -2041 2042 -2043 -2044 -2045 2046 -2047 -2048
v 2049 -2050 -2051 -2052 2053 -2054 2055 -2056 -2057 2058 -2059 -2060 -2061
v -2062 2063 2064 2065 -2066 -2067 2068 2069 -2070 2071 -2072 -2073 -2074
v -2075 2076 2077 2078 -2079 -2080 2081 2082 -2083 -2084 -2085 2086 2087 -2088
v 2089 2090 2091 2092 -2093 2094 -2095 -2096 -2097 -2098 -2099 2100 2101 2102
v -2103 -2104 2105 2106 2107 2108 2109 -2110 2111 -2112 -2113 2114 -2115 2116
v -2117 2118 -2119 2120 -2121 -2122 -2123 -2124 -2125 2126 -2127 2128 -2129
v -2130 2131 -2132 2133 2134 -2135 2136 -2137 -2138 -2139 2140 -2141 -2142
v -2143 2144 2145 -2146 -2147 -2148 2149 -2150 2151 2152 2153 -2154 2155 2156
v -2157 -2158 2159 2160 2161 -2162 2163 2164 2165 -2166 2167 2168 -2169 2170
v -2171 2172 2173 2174 -2175 -2176 2177 2178 2179 2180 -2181 2182 2183 -2184
v -2185 -2186 2187 2188 -2189 2190 2191 2192 -2193 2194 2195 2196 -2197 2198
v 2199 2200 2201 -2202 -2203 2204 2205 2206 -2207 -2208 -2209 -2210 2211 -2212
v -2213 -2214 2215 -2216 2217 -2218 2219 -2220 2221 -2222 -2223 2224 -2225
v 2226 -2227 2228 -2229 2230 2231 2232 -2233 -2234 2235 2236 2237 2238 2239
v -2240 -2241 2242 -2243 2244 2245 2246 -2247 2248 -2249 -2250 2251 2252 2253
v -2254 2255 2256 2257 -2258 2259 -2260 -2261 2262 -2263 -2264 -2265 -2266
v 2267 -2268 -2269 2270 2271 -2272 2273 2274 -2275 2276 2277 -2278 -2279 -2280
v 2281 2282 2283 -2284 -2285 -2286 -2287 2288 2289 -2290 -2291 2292 2293 -2294
v -2295 -2296 2297 2298 -2299 2300 -2301 2302 2303 2304 -2305 -2306 2307 2308
v 2309 2310 2311 2312 -2313 -2314 2315 2316 -2317 2318 -2319 2320 2321 -2322
v -2323 -2324 2325 2326 -2327 -2328 2329 -2330 2331 -2332 -2333 2334 2335
v -2336 2337 -2338 -2339 -2340 2341 -2342 -2343 -2344 -2345 2346 -2347 2348
v 2349 2350 2351 2352 -2353 2354 2355 2356 2357 2358 -2359 -2360 -2361 2362
v -2363 -2364 2365 2366 -2367 2368 2369 -2370 2371 2372 2373 -2374 2375 2376
v 2377 -2378 -2379 -2380 -2381 2382 -2383 2384 -2385 -2386 2387 -2388 2389
v 2390 2391 -2392 2393 -2394 -2395 2396 2397 -2398 2399 -2400 2401 2402 2403
v 2404 -2405 -2406 -2407 2408 -2409 -2410 -2411 2412 -2413 2414 2415 -2416
v 2417 -2418 2419 -2420 -2421 2422 -2423 -2424 2425 -2426 2427 -2428 -2429
v -2430 2431 2432 2433 2434 -2435 2436 -2437 -2438 2439 -2440 2441 -2442 2443
v 2444 -2445 2446 -2447 2448 -2449 2450 2451 -2452 2453 -2454 -2455 -2456 2457
v 2458 2459 2460 2461 -2462 2463 2464 2465 2466 -2467 -2468 -2469 -2470 2471
v 2472 2473 -2474 -2475 2476 2477 -2478 2479 2480 -2481 2482 2483 2484 -2485
v 2486 -2487 -2488 -2489 2490 2491 2492 -2493 2494 -2495 2496 2497 -2498 -2499
v -2500 -2501 2502 2503 -2504 2505 -2506 2507 2508 -2509 -2510 2511 -2512
v -2513 2514 2515 2516 2517 2518 -2519 2520 2521 2522 -2523 -2524 2525 -2526
v -2527 -2528 2529 2530 2531 2532 -2533 -2534 2535 2536 2537 -2538 -2539 -2540
v 2541 2542 -2543 2544 2545 2546 2547 -2548 2549 -2550 -2551 2552 2553 -2554
v -2555 -2556 -2557 -2558 -2559 -2560 -2561 -2562 2563 -2564 -2565 -2566 -2567
v 2568 2569 2570 -2571 -2572 2573 2574 -2575 2576 2577 2578 -2579 2580 -2581
v -2582 2583 -2584 2585 -2586 -2587 -2588 2589 -2590 -2591 2592 2593 2594
v -2595 -2596 2597 -2598 -2599 2600 2601 2602 2603 -2604 -2605 -2606 -2607
v -2608 2609 2610 -2611 2612 -2613 -2614 -2615 -2616 2617 -2618 2619 -2620
v -2621 2622 2623 -2624 2625 2626 2627 2628 2629 -2630 -2631 -2632 -2633 -2634
v 2635 -2636 2637 2638 2639 2640 -2641 2642 -2643 2644 2645 2646 -2647 -2648
v -2649 2650 2651 2652 -2653 -2654 -2655 2656 2657 -2658 -2659 2660 2661 2662
v -2663 2664 -2665 2666 2667 -2668 2669 2670 -2671 2672 2673 -2674 2675 -2676
v -2677 -2678 -2679 2680 -2681 -2682 2683 -2684 2685 -2686 -2687 2688 2689
v -2690 -2691 -2692 2693 2694 2695 2696 2697 2698 -2699 -2700 -2701 -2702 2703
v -2704 -2705 -2706 -2707 -2708 2709 2710 -2711 2712 2713 2714 2715 -2716 2717
v -2718 -2719 -2720 2721 2722 2723 -2724 2725 -2726 -2727 -2728 2729 -2730
v -2731 2732 -2733 -2734 2735 -2736 2737 -2738 2739 2740 -2741 2742 2743 -2744
v -2745 2746 2747 2748 2749 -2750 -2751 -2752 -2753 -2754 -2755 -2756 2757
v 2758 2759 -2760 -2761 2762 -2763 2764 -2765 2766 -2767 -2768 -2769 -2770
v -2771 -2772 2773 2774 2775 -2776 -2777 2778 2779 -2780 -2781 -2782 2783
v -2784 2785 -2786 -2787 2788 -2789 -2790 2791 -2792 -2793 2794 -2795 2796
v 2797 2798 2799 -2800 2801 2802 -2803 2804 -2805 2806 2807 -2808 -2809 2810
v 2811 2812 -2813 -2814 -2815 -2816 -2817 -2818 2819 2820 2821 2822 -2823 2824
v 2825 2826 2827 2828 -2829 -2830 2831 -2832 -2833 -2834 -2835 2836 -2837 2838
v 2839 2840 -2841 -2842 -2843 2844 -2845 2846 2847 2848 -2849 2850 2851 -2852
v 2853 2854 -2855 2856 -2857 2858 -2859 -2860 2861 -2862 -2863 2864 2865 -2866
v -2867 -2868 -2869 2870 -2871 -2872 -2873 -2874 -2875 2876 -2877 -2878 -2879
v 2880 2881 -2882 2883 -2884 2885 -2886 2887 2888 2889 2890 -2891 2892 -2893
v -2894 2895 -2896 2897 -2898 -2899 -2900 -2901 2902 -2903 2904 2905 -2906
v 2907 -2908 2909 -2910 2911 2912 2913 -2914 -2915 2916 -2917 -2918 -2919
v -2920 2921 -2922 2923 -2924 -2925 2926 -2927 2928 2929 2930 2931 -2932 2933
v 2934 -2935 -2936 2937 2938 -2939 2940 2941 -2942 2943 -2944 2945 2946 -2947
v -2948 2949 -2950 2951 2952 2953 2954 -2955 2956 2957 -2958 -2959 2960 -2961
v 2962 2963 -2964 -2965 2966 -2967 -2968 2969 2970 2971 2972 -2973 -2974 -2975
v 2976 2977 -2978 2979 -2980 2981 2982 2983 -2984 2985 -2986 2987 2988 2989
v 2990 -2991 2992 2993 2994 -2995 2996 -2997 -2998 -2999 3000 3001 3002 -3003
v 3004 3005 -3006 -3007 -3008 -3009 3010 -3011 3012 3013 -3014 3015 -3016 3017
v 3018 -3019 -3020 -3021 3022 3023 3024 3025 -3026 3027 3028 3029 -3030 3031
v 3032 -3033 -3034 -3035 3036 -3037 3038 -3039 -3040 3041 -3042 -3043 -3044
v -3045 3046 -3047 -3048 3049 3050 3051 -3052 -3053 3054 -3055 -3056 3057
v -3058 -3059 3060 3061 -3062 -3063 -3064 3065 3066 -3067 3068 3069 -3070 3071
v 3072 -3073 3074 -3075 3076 3077 3078 -3079 3080 -3081 3082 -3083 -3084 -3085
v 3086 -3087 3088 3089 3090 3091 3092 3093 -3094 -3095 3096 3097 3098 3099
v -3100 3101 3102 -3103 -3104 3105 -3106 3107 -3108 3109 3110 -3111 3112 -3113
v 3114 -3115 3116 -3117 3118 -3119 3120 3121 3122 -3123 3124 3125 -3126 -3127
v 3128 -3129 3130 3131 -3132 3133 3134 3135 3136 -3137 3138 3139 -3140 3141
v -3142 3143 -3144 3145 3146 -3147 3148 -3149 -3150 -3151 -3152 -3153 3154
v -3155 -3156 3157 3158 3159 -3160 -3161 3162 -3163 3164 -3165 -3166 3167
v -3168 -3169 3170 -3171 3172 -3173 -3174 -3175 3176 -3177 -3178 3179 3180
v -3181 3182 -3183 3184 3185 -3186 3187 3188 -3189 -3190 -3191 -3192 -3193
v -3194 -3195 -3196 -3197 3198 3199 3200 3201 -3202 -3203 3204 -3205 -3206
v 3207 3208 -3209 3210 -3211 -3212 3213 3214 -3215 -3216 -3217 3218 -3219
v -3220 -3221 -3222 -3223 3224 3225 3226 -3227 -3228 -3229 3230 3231 -3232
v -3233 -3234 -3235 -3236 3237 3238 3239 3240 -3241 -3242 -3243 -3244 3245
v -3246 -3247 3248 -3249 3250 -3251 -3252 -3253 -3254 -3255 -3256 -3257 -3258
v -3259 -3260 -3261 -3262 -3263 -3264 -3265 -3266 -3267 -3268 -3269 -3270
v -3271 -3272 -3273 -3274 -3275 -3276 -3277 -3278 -3279 -3280 -3281 -3282
v -3283 -3284 -3285 -3286 -3287 -3288 -3289 -3290 -3291 -3292 -3293 -3294
v -3295 -3296 -3297 -3298 -3299 -3300 -3301 -3302 -3303 -3304 -3305 -3306 3307
v -3308 -3309 3310 -3311 -3312 3313 3314 3315 -3316 -3317 3318 -3319 -3320
v 3321 3322 3323 -3324 3325 -3326 -3327 -3328 3329 3330 3331 -3332 -3333 -3334
v 3335 -3336 3337 3338 3339 3340 -3341 -3342 3343 3344 -3345 -3346 3347 3348
v -3349 -3350 -3351 -3352 -3353 -3354 3355 -3356 3357 3358 -3359 3360 -3361
v -3362 -3363 -3364 3365 3366 3367 3368 3369 -3370 3371 3372 -3373 -3374 -3375
v 3376 3377 3378 3379 -3380 -3381 -3382 3383 -3384 -3385 3386 3387 -3388 -3389
v 3390 -3391 -3392 3393 3394 3395 3396 3397 -3398 3399 3400 3401 3402 -3403
v 3404 3405 3406 3407 -3408 -3409 -3410 3411 -3412 -3413 3414 -3415 -3416 3417
v -3418 -3419 -3420 3421 3422 3423 -3424 -3425 -3426 -3427 3428 -3429 3430
v 3431 -3432 -3433 -3434 3435 3436 3437 3438 -3439 -3440 -3441 -3442 -3443
v 3444 3445 -3446 -3447 3448 -3449 3450 3451 3452 3453 -3454 -3455 -3456 -3457
v 3458 -3459 -3460 -3461 -3462 -3463 3464 -3465 3466 3467 -3468 -3469 -3470
v 3471 3472 3473 -3474 -3475 -3476 -3477 3478 -3479 3480 3481 3482 -3483 -3484
v 3485 3486 3487 -3488 -3489 -3490 -3491 -3492 3493 -3494 3495 3496 -3497
v -3498 -3499 -3500 -3501 -3502 -3503 3504 3505 -3506 3507 -3508 -3509 -3510
v 3511 -3512 -3513 -3514 -3515 -3516 -3517 -3518 -3519 -3520 -3521 -3522 -3523
v -3524 -3525 -3526 -3527 3528 3529 -3530 3531 3532 -3533 3534 3535 -3536 3537
v -3538 3539 3540 3541 -3542 -3543 -3544 3545 -3546 3547 3548 3549 3550 3551
v 3552 3553 3554 3555 3556 3557 3558 3559 3560 3561 3562 3563 3564 3565 3566
v 3567 3568 3569 3570 -3571 3572 3573 3574 3575 3576 3577 3578 3579 3580 3581
v 3582 -3583 3584 3585 3586 3587 3588 3589 3590 3591 3592 3593 3594 3595 3596
v 3597 3598 3599 3600 3601 3602 3603 3604 3605 3606 -3607 3608 -3609 3610 3611
v 3612 3613 3614 3615 3616 3617 3618 -3619 3620 -3621 3622 3623 -3624 3625
v 3626 3627 3628 3629 3630 -3631 3632 -3633 3634 3635 -3636 3637 3638 -3639
v 3640 -3641 3642 3643 3644 3645 3646 3647 3648 3649 3650 3651 3652 3653 3654
v 3655 3656 3657 3658 3659 3660 3661 3662 3663 3664 3665 3666 -3667 -3668 3669
v 3670 3671 3672 3673 3674 3675 3676 3677 3678 -3679 3680 3681 -3682 3683 3684
v 3685 3686 3687 3688 3689 3690 -3691 3692 3693 -3694 3695 -3696 3697 3698
v -3699 3700 -3701 3702 3703 -3704 -3705 -3706 3707 3708 3709 3710 3711 3712
v 3713 3714 -3715 -3716 -3717 -3718 3719 3720 3721 3722 3723 3724 3725 3726
v 3727 -3728 3729 3730 3731 3732 3733 3734 3735 3736 3737 3738 -3739 -3740
v 3741 3742 3743 3744 3745 3746 3747 3748 3749 3750 -3751 -3752 3753 3754 3755
v -3756 3757 3758 -3759 3760 -3761 3762 3763 3764 -3765 3766 -3767 3768 3769
v 3770 -3771 3772 3773 3774 3775 3776 3777 3778 3779 3780 3781 3782 3783 3784
v 3785 3786 3787 3788 3789 3790 3791 3792 -3793 3794 -3795 3796 3797 3798 3799
v 3800 -3801 3802 3803 -3804 3805 -3806 -3807 -3808 3809 3810 3811 3812 -3813
v 3814 3815 -3816 3817 -3818 -3819 -3820 3821 3822 3823 3824 -3825 3826 3827
v 3828 3829 3830 3831 3832 3833 3834 3835 3836 3837 3838 3839 3840 3841 3842
v 3843 3844 3845 3846 3847 3848 -3849 3850 3851 3852 3853 3854 3855 3856 3857
v 3858 3859 3860 -3861 3862 -3863 -3864 -3865 -3866 -3867 -3868 3869 3870 3871
v 3872 3873 3874 3875 3876 -3877 -3878 -3879 -3880 3881 3882 3883 3884 3885
v 3886 3887 3888 3889 3890 3891 3892 3893 3894 3895 3896 3897 3898 3899 3900
v 3901 3902 3903 -3904 3905 -3906 3907 3908 3909 3910 3911 3912 -3913 -3914
v 3915 3916 3917 -3918 3919 3920 -3921 3922 -3923 3924 3925 -3926 3927 3928
v 3929 -3930 3931 3932 -3933 3934 -3935 -3936 -3937 -3938 3939 3940 3941 -3942
v 3943 3944 -3945 3946 -3947 -3948 -3949 -3950 -3951 -3952 3953 3954 3955
v -3956 3957 3958 -3959 -3960 -3961 -3962 -3963 -3964 3965 3966 3967 3968 3969
v 3970 3971 3972 -3973 -3974 -3975 -3976 3977 3978 3979 3980 3981 3982 3983
v 3984 3985 3986 3987 3988 3989 3990 3991 -3992 -3993 -3994 -3995 -3996 -3997
v -3998 -3999 -4000 4001 -4002 4003 4004 4005 4006 4007 4008 4009 4010 4011
v -4012 4013 -4014 4015 4016 4017 4018 4019 4020 -4021 -4022 4023 4024 4025
v -4026 4027 4028 4029 -4030 -4031 4032 4033 -4034 4035 4036 4037 -4038 4039
v 4040 4041 -4042 -4043 -4044 -4045 -4046 -4047 -4048 4049 4050 4051 -4052
v 4053 4054 -4055 -4056 -4057 -4058 -4059 -4060 4061 4062 4063 -4064 -4065
v -4066 -4067 4068 4069 -4070 -4071 -4072 4073 -4074 4075 -4076 -4077 -4078
v -4079 4080 4081 -4082 -4083 -4084 4085 4086 4087 -4088 -4089 -4090 -4091
v 4092 4093 -4094 -4095 -4096 4097 4098 4099 -4100 -4101 -4102 -4103 -4104
v -4105 -4106 -4107 -4108 4109 -4110 4111 -4112 4113 4114 -4115 4116 4117
v -4118 -4119 -4120 4121 -4122 4123 -4124 4125 4126 -4127 4128 4129 -4130 4131
v 4132 4133 -4134 4135 -4136 4137 4138 -4139 -4140 -4141 -4142 -4143 -4144
v 4145 4146 4147 4148 4149 4150 4151 4152 4153 4154 4155 4156 4157 4158 -4159
v 4160 4161 4162 4163 4164 4165 4166 4167 4168 4169 4170 4171 4172 -4173 4174
v -4175 -4176 -4177 4178 -4179 4180 -4181 -4182 -4183 4184 4185 4186 4187 4188
v 4189 4190 4191 4192 4193 4194 -4195 4196 4197 4198 4199 4200 -4201 4202
v -4203 4204 -4205 4206 4207 4208 4209 4210 4211 4212 -4213 -4214 4215 4216
v 4217 -4218 4219 4220 4221 4222 4223 4224 4225 4226 4227 4228 4229 4230 4231
v 4232 4233 4234 4235 4236 -4237 -4238 4239 4240 4241 -4242 4243 4244 4245
v 4246 4247 4248 -4249 -4250 -4251 -4252 4253 -4254 4255 4256 4257 4258 4259
v 4260 -4261 -4262 4263 4264 4265 -4266 4267 -4268 -4269 -4270 4271 4272 4273
v 4274 4275 4276 4277 4278 4279 -4280 4281 4282 4283 4284 4285 4286 4287 4288
v 4289 4290 4291 -4292 4293 4294 4295 4296 4297 4298 4299 -4300 4301 -4302
v 4303 -4304 4305 4306 4307 -4308 4309 -4310 -4311 -4312 4313 -4314 4315 -4316
v -4317 -4318 4319 -4320 4321 -4322 -4323 -4324 4325 -4326 4327 -4328 4329
v 4330 4331 -4332 4333 -4334 4335 4336 4337 -4338 4339 -4340 -4341 -4342 4343
v 4344 4345 4346 4347 4348 4349 4350 4351 -4352 -4353 -4354 4355 -4356 4357
v -4358 4359 4360 4361 -4362 4363 -4364 4365 4366 -4367 4368 4369 4370 4371
v 4372 4373 4374 4375 -4376 4377 4378 -4379 4380 4381 4382 4383 4384 4385 4386
v 4387 -4388 -4389 -4390 -4391 -4392 -4393 4394 -4395 4396 4397 -4398 4399
v -4400 -4401 -4402 -4403 4404 4405 4406 -4407 4408 4409 -4410 4411 -4412 4413
v 4414 -4415 -4416 -4417 4418 -4419 4420 4421 -4422 4423 -4424 -4425 -4426
v -4427 -4428 -4429 4430 -4431 4432 4433 -4434 4435 -4436 4437 4438 -4439
v -4440 -4441 4442 4443 4444 4445 4446 4447 -4448 -4449 -4450 -4451 4452 4453
v 4454 4455 4456 4457 4458 4459 4460 4461 4462 4463 4464 4465 4466 4467 4468
v 4469 4470 4471 4472 -4473 4474 4475 4476 4477 4478 4479 4480 4481 4482 4483
v 4484 4485 4486 4487 4488 4489 4490 4491 4492 4493 4494 4495 4496 4497 4498
v 4499 4500 4501 4502 4503 4504 4505 4506 4507 4508 -4509 4510 4511 4512 4513
v 4514 4515 4516 4517 4518 4519 4520 4521 4522 4523 4524 4525 4526 4527 4528
v 4529 4530 4531 4532 4533 4534 4535 4536 4537 4538 4539 4540 4541 4542 4543
v 4544 4545 4546 4547 4548 4549 4550 4551 4552 4553 4554 4555 4556 -4557 4558
v -4559 4560 4561 4562 -4563 4564 -4565 4566 4567 4568 4569 4570 4571 4572
v 4573 4574 4575 4576 4577 4578 4579 4580 -4581 4582 -4583 4584 4585 4586
v -4587 4588 -4589 -4590 -4591 4592 -4593 4594 -4595 -4596 -4597 4598 -4599
v 4600 -4601 -4602 -4603 4604 4605 4606 4607 4608 4609 4610 4611 4612 4613
v 4614 -4615 -4616 -4617 -4618 4619 4620 4621 4622 4623 4624 4625 4626 4627
v 4628 4629 4630 4631 4632 4633 4634 4635 4636 4637 4638 4639 4640 4641 -4642
v 4643 -4644 4645 -4646 -4647 -4648 4649 -4650 4651 -4652 -4653 -4654 4655
v -4656 4657 -4658 4659 4660 4661 -4662 4663 4664 4665 4666 4667 4668 4669
v 4670 4671 -4672 4673 4674 4675 4676 4677 4678 4679 4680 4681 4682 4683 4684
v 4685 4686 4687 4688 4689 4690 4691 4692 4693 4694 4695 4696 4697 4698 4699
v 4700 4701 4702 4703 4704 4705 4706 4707 4708 4709 4710 4711 4712 4713 4714
v 4715 4716 4717 4718 4719 4720 4721 4722 4723 4724 -4725 4726 4727 -4728 4729
v 4730 4731 4732 4733 4734 4735 4736 4737 4738 4739 4740 4741 4742 4743 4744
v 4745 4746 4747 4748 4749 4750 4751 4752 4753 4754 4755 4756 4757 4758 4759
v 4760 -4761 4762 4763 4764 4765 4766 4767 4768 4769 4770 4771 -4772 4773 4774
v 4775 4776 4777 4778 4779 4780 4781 4782 4783 -4784 -4785 -4786 4787 -4788
v 4789 4790 -4791 4792 4793 -4794 4795 -4796 -4797 -4798 4799 4800 4801 4802
v 4803 4804 4805 4806 4807 -4808 4809 4810 4811 -4812 4813 4814 -4815 4816
v 4817 -4818 4819 -4820 4821 4822 4823 4824 4825 4826 4827 4828 4829 4830 4831
v -4832 -4833 -4834 4835 -4836 4837 4838 4839 4840 4841 4842 4843 -4844 -4845
v -4846 4847 -4848 4849 4850 -4851 4852 4853 -4854 4855 -4856 4857 4858 4859
v -4860 4861 4862 4863 4864 4865 4866 4867 4868 -4869 4870 -4871 -4872 -4873
v 4874 -4875 4876 4877 -4878 4879 4880 4881 4882 4883 4884 4885 4886 4887 4888
v 4889 4890 4891 4892 4893 4894 4895 4896 4897 4898 4899 4900 4901 4902 4903
v 4904 -4905 4906 -4907 -4908 -4909 4910 4911 4912 4913 4914 4915 4916 4917
v 4918 4919 4920 -4921 4922 -4923 4924 4925 -4926 4927 4928 4929 4930 4931
v 4932 4933 4934 4935 4936 4937 4938 4939 4940 4941 4942 4943 4944 -4945 4946
v -4947 4948 4949 -4950 4951 4952 4953 4954 4955 4956 4957 4958 4959 4960 4961
v 4962 4963 4964 4965 -4966 -4967 4968 4969 4970 -4971 4972 -4973 4974 4975
v -4976 -4977 -4978 -4979 -4980 -4981 4982 4983 4984 4985 4986 4987 -4988 4989
v 4990 -4991 -4992 -4993 4994 -4995 4996 -4997 -4998 -4999 -5000 -5001 -5002
v -5003 5004 5005 5006 -5007 5008 -5009 -5010 -5011 -5012 -5013 -5014 -5015
v -5016 -5017 5018 -5019 5020 -5021 -5022 -5023 -5024 5025 5026 -5027 -5028
v -5029 5030 5031 5032 5033 5034 -5035 -5036 -5037 -5038 -5039 -5040 -5041
v 5042 -5043 5044 -5045 -5046 -5047 -5048 -5049 -5050 -5051 -5052 -5053 5054
v 5055 5056 5057 5058 -5059 5060 5061 5062 5063 5064 5065 5066 5067 -5068 5069
v -5070 5071 5072 5073 5074 5075 5076 5077 5078 5079 -5080 5081 -5082 5083
v 5084 5085 5086 5087 5088 5089 5090 5091 -5092 5093 -5094 5095 5096 5097 5098
v 5099 5100 5101 5102 5103 -5104 5105 5106 5107 5108 5109 5110 5111 5112 5113
v 5114 5115 5116 5117 5118 5119 5120 5121 5122 5123 5124 -5125 5126 -5127 5128
v 5129 -5130 5131 -5132 -5133 -5134 -5135 5136 5137 5138 -5139 5140 5141 -5142
v 5143 -5144 5145 5146 -5147 -5148 -5149 5150 -5151 5152 5153 -5154 5155 -5156
v -5157 -5158 -5159 -5160 -5161 5162 5163 5164 5165 5166 5167 5168 5169 -5170
v -5171 -5172 -5173 5174 -5175 5176 5177 -5178 5179 -5180 -5181 -5182 5183
v 5184 5185 5186 5187 5188 5189 5190 5191 -5192 5193 5194 5195 5196 5197 5198
v 5199 5200 5201 5202 5203 -5204 -5205 -5206 5207 -5208 5209 5210 5211 5212
v 5213 5214 5215 -5216 5217 5218 5219 5220 5221 5222 5223 5224 5225 5226 5227
v 5228 5229 5230 5231 5232 5233 5234 5235 5236 5237 5238 5239 5240 5241 5242
v 5243 5244 5245 5246 5247 -5248 -5249 5250 5251 5252 5253 5254 5255 5256 5257
v 5258 5259 -5260 -5261 -5262 -5263 5264 -5265 5266 5267 5268 5269 5270 5271
v -5272 -5273 -5274 -5275 5276 5277 5278 5279 -5280 5281 5282 5283 5284 5285
v -5286 5287 5288 5289 5290 -5291 5292 5293 5294 5295 -5296 5297 5298 5299
v 5300 -5301 5302 5303 5304 5305 5306 5307 5308 -5309 5310 5311 5312 5313 5314
v 5315 5316 -5317 5318 5319 5320 5321 5322 5323 5324 -5325 5326 5327 5328 5329
v 5330 5331 5332 -5333 5334 5335 5336 5337 5338 5339 5340 -5341 5342 -5343
v 5344 -5345 5346 -5347 5348 -5349 5350 -5351 5352 -5353 5354 -5355 5356 -5357
v 5358 -5359 5360 -5361 5362 -5363 5364 -5365 5366 5367 5368 5369 5370 5371
v 5372 -5373 5374 5375 5376 5377 5378 5379 5380 -5381 5382 -5383 -5384 5385
v -5386 -5387 5388 -5389 5390 5391 5392 5393 -5394 -5395 5396 -5397 5398 -5399
v -5400 5401 -5402 -5403 5404 -5405 5406 -5407 5408 -5409 5410 -5411 5412
v -5413 5414 5415 -5416 -5417 5418 -5419 5420 -5421 5422 5423 5424 5425 -5426
v -5427 5428 5429 5430 5431 -5432 5433 5434 5435 5436 -5437 5438 5439 5440
v 5441 -5442 5443 5444 5445 5446 -5447 5448 5449 5450 5451 5452 5453 5454
v -5455 5456 5457 5458 5459 5460 5461 5462 -5463 5464 5465 5466 5467 5468 5469
v 5470 -5471 5472 5473 5474 5475 5476 5477 5478 -5479 5480 5481 5482 5483 5484
v 5485 5486 -5487 5488 5489 5490 -5491 5492 5493 -5494 5495 -5496 5497 -5498
v -5499 5500 5501 5502 -5503 5504 5505 -5506 5507 -5508 5509 -5510 -5511 5512
v 5513 5514 -5515 5516 5517 -5518 5519 -5520 5521 -5522 -5523 5524 5525 5526
v 5527 5528 5529 5530 5531 5532 5533 5534 -5535 5536 5537 5538 5539 5540 5541
v 5542 5543 5544 5545 5546 -5547 5548 5549 5550 -5551 -5552 -5553 -5554 5555
v -5556 5557 -5558 -5559 5560 5561 5562 -5563 5564 -5565 5566 5567 5568 5569
v 5570 -5571 5572 5573 5574 5575 5576 -5577 -5578 5579 -5580 5581 -5582 -5583
v 5584 5585 5586 5587 -5588 5589 -5590 5591 -5592 5593 -5594 -5595 5596 5597
v 5598 -5599 -5600 5601 5602 5603 5604 5605 5606 -5607 5608 5609 5610 -5611
v -5612 -5613 -5614 5615 -5616 5617 -5618 -5619 5620 5621 5622 5623 5624 5625
v 5626 5627 5628 5629 5630 -5631 5632 5633 5634 5635 5636 -5637 -5638 5639
v -5640 5641 -5642 -5643 5644 5645 5646 -5647 5648 -5649 5650 5651 5652 5653
v 5654 -5655 5656 5657 5658 -5659 5660 5661 -5662 5663 -5664 5665 -5666 -5667
v -5668 5669 5670 5671 5672 -5673 5674 -5675 -5676 5677 5678 5679 5680 -5681
v 5682 -5683 -5684 5685 5686 5687 5688 -5689 5690 -5691 -5692 5693 5694 5695
v 5696 -5697 5698 -5699 -5700 5701 5702 5703 5704 -5705 5706 -5707 -5708 5709
v 5710 5711 5712 -5713 5714 -5715 -5716 5717 -5718 -5719 5720 5721 -5722 -5723
v 5724 5725 -5726 -5727 5728 -5729 5730 -5731 5732 5733 5734 5735 5736 5737
v 5738 -5739 -5740 5741 -5742 -5743 5744 5745 5746 -5747 5748 5749 5750 5751
v 5752 5753 5754 5755 5756 -5757 -5758 -5759 5760 5761 5762 5763 -5764 5765
v -5766 5767 -5768 5769 -5770 -5771 5772 5773 5774 5775 5776 5777 5778 5779
v 5780 5781 5782 -5783 -5784 5785 5786 5787 5788 5789 5790 5791 5792 -5793
v -5794 -5795 5796 5797 5798 5799 5800 5801 5802 5803 5804 -5805 -5806 -5807
v 5808 5809 5810 5811 5812 5813 5814 5815 5816 -5817 -5818 -5819 5820 5821
v 5822 5823 5824 5825 5826 5827 5828 5829 5830 -5831 5832 5833 5834 5835 5836
v 5837 5838 5839 5840 5841 5842 -5843 5844 5845 5846 5847 -5848 5849 -5850
v 5851 -5852 5853 -5854 -5855 -5856 5857 5858 5859 5860 5861 5862 5863 5864
v 5865 5866 -5867 5868 5869 5870 5871 5872 5873 5874 5875 5876 5877 5878 5879
v 5880 5881 5882 5883 5884 5885 5886 5887 5888 5889 5890 -5891 5892 5893 5894
v 5895 5896 5897 5898 5899 5900 5901 5902 -5903 5904 5905 5906 5907 5908 5909
v 5910 5911 5912 5913 5914 -5915 5916 5917 5918 5919 5920 5921 5922 5923 5924
v 5925 5926 -5927 -5928 5929 5930 5931 -5932 5933 -5934 -5935 5936 5937 5938
v 5939 5940 5941 -5942 -5943 -5944 5945 5946 5947 5948 -5949 -5950 -5951 5952
v 5953 5954 5955 5956 5957 -5958 -5959 -5960 5961 5962 5963 5964 -5965 -5966
v -5967 5968 5969 5970 5971 5972 5973 5974 -5975 5976 5977 5978 5979 5980 5981
v -5982 -5983 5984 5985 5986 5987 5988 5989 -5990 -5991 5992 5993 5994 5995
v 5996 5997 5998 -5999 6000 6001 6002 6003 6004 6005 -6006 -6007 6008 6009
v 6010 6011 6012 6013 6014 6015 6016 6017 6018 -6019 6020 6021 6022 6023 6024
v 6025 6026 6027 6028 6029 6030 6031 6032 6033 6034 6035 6036 6037 6038 6039
v 6040 6041 6042 -6043 6044 6045 6046 6047 6048 6049 6050 6051 6052 6053 6054
v -6055 6056 6057 6058 6059 6060 6061 6062 6063 6064 6065 6066 -6067 6068 6069
v 6070 6071 6072 6073 6074 6075 6076 6077 6078 -6079 6080 6081 6082 6083 6084
v 6085 6086 6087 6088 6089 6090 -6091 6092 6093 6094 6095 6096 6097 6098 6099
v 6100 6101 6102 -6103 6104 6105 6106 6107 6108 6109 6110 6111 6112 6113 6114
v 6115 6116 6117 6118 6119 6120 6121 6122 6123 6124 6125 6126 -6127 6128 6129
v 6130 6131 6132 6133 6134 6135 6136 6137 6138 -6139 6140 6141 6142 6143 6144
v 6145 6146 6147 6148 6149 6150 -6151 6152 6153 6154 6155 6156 6157 6158 6159
v 6160 6161 6162 -6163 6164 6165 6166 6167 6168 6169 6170 6171 6172 6173 6174
v -6175 6176 6177 6178 6179 6180 6181 6182 6183 6184 6185 6186 6187 -6188 6189
v 6190 6191 6192 -6193 -6194 -6195 6196 6197 6198 6199 6200 6201 -6202 -6203
v 6204 6205 6206 6207 6208 6209 6210 -6211 6212 6213 6214 6215 6216 6217 -6218
v -6219 6220 6221 6222 6223 -6224 -6225 6226 -6227 6228 6229 6230 6231 -6232
v -6233 6234 6235 6236 6237 -6238 6239 6240 6241 6242 -6243 6244 6245 6246
v 6247 -6248 6249 6250 6251 6252 -6253 6254 6255 6256 6257 6258 6259 6260
v -6261 6262 6263 6264 6265 -6266 -6267 6268 -6269 6270 6271 6272 6273 6274
v 6275 -6276 -6277 -6278 6279 6280 6281 6282 -6283 -6284 -6285 6286 6287 6288
v 6289 6290 6291 -6292 -6293 6294 6295 6296 6297 6298 6299 6300 -6301 6302
v 6303 6304 6305 6306 6307 6308 -6309 6310 6311 6312 6313 6314 6315 -6316
v -6317 6318 6319 6320 6321 -6322 -6323 6324 -6325 -6326 6327 6328 6329 6330
v -6331 6332 -6333 6334 6335 6336 6337 6338 6339 6340 -6341 6342 6343 6344
v 6345 6346 6347 6348 -6349 6350 6351 6352 6353 6354 6355 6356 6357 6358 6359
v 6360 6361 6362 6363 6364 -6365 6366 6367 6368 6369 6370 6371 6372 -6373 6374
v 6375 6376 6377 -6378 6379 6380 6381 6382 -6383 -6384 6385 -6386 -6387 6388
v -6389 6390 6391 6392 -6393 -6394 -6395 6396 -6397 -6398 -6399 6400 -6401
v 6402 -6403 6404 6405 6406 6407 6408 6409 6410 6411 6412 6413 6414 6415 6416
v 6417 6418 6419 6420 6421 6422 6423 6424 6425 6426 6427 6428 6429 6430 6431
v 6432 6433 6434 6435 6436 -6437 6438 6439 6440 -6441 6442 6443 6444 -6445
v 6446 6447 6448 6449 6450 6451 6452 6453 6454 6455 -6456 6457 6458 6459 6460
v 6461 6462 6463 6464 6465 6466 6467 6468 6469 6470 6471 6472 6473 6474 6475
v 6476 6477 6478 6479 6480 6481 -6482 6483 6484 6485 6486 6487 6488 6489 6490
v 6491 6492 6493 6494 6495 6496 6497 6498 6499 6500 6501 6502 6503 6504 6505
v 6506 6507 6508 -6509 6510 6511 6512 6513 6514 6515 6516 6517 6518 6519 6520
v 6521 6522 6523 6524 6525 6526 6527 6528 6529 6530 -6531 6532 6533 6534 6535
v 6536 6537 6538 6539 6540 6541 6542 6543 6544 6545 6546 6547 6548 6549 -6550
v 6551 6552 6553 6554 6555 6556 6557 6558 6559 6560 -6561 6562 6563 6564 6565
v 6566 6567 6568 6569 6570 6571 6572 6573 6574 6575 6576 6577 6578 6579 6580
v 6581 6582 6583 6584 6585 6586 -6587 6588 6589 6590 6591 6592 -6593 6594 6595
v 6596 6597 6598 6599 6600 6601 6602 6603 6604 6605 6606 6607 6608 6609 6610
v 6611 -6612 6613 6614 6615 6616 6617 6618 6619 6620 6621 6622 6623 6624 6625
v 6626 6627 6628 6629 6630 6631 -6632 6633 6634 6635 6636 6637 6638 6639 6640
v 6641 6642 6643 6644 6645 6646 6647 6648 6649 6650 6651 6652 6653 6654 6655
v 6656 6657 6658 6659 -6660 -6661 6662 6663 6664 6665 6666 6667 6668 6669 6670
v -6671 -6672 -6673 -6674 -6675 -6676 6677 6678 -6679 6680 6681 -6682 -6683
v 6684 6685 6686 6687 6688 6689 6690 6691 6692 -6693 -6694 -6695 -6696 -6697
v -6698 6699 6700 -6701 6702 6703 -6704 -6705 6706 6707 6708 6709 6710 6711
v 6712 6713 6714 -6715 -6716 -6717 -6718 -6719 -6720 6721 6722 -6723 6724 6725
v 6726 6727 6728 -6729 6730 6731 6732 -6733 6734 6735 6736 6737 -6738 -6739
v -6740 6741 -6742 -6743 -6744 6745 6746 -6747 6748 6749 -6750 -6751 6752 6753
v 6754 -6755 6756 6757 6758 6759 6760 -6761 -6762 6763 -6764 -6765 -6766 6767
v 6768 6769 6770 -6771 -6772 -6773 6774 6775 6776 -6777 6778 6779 6780 6781
v 6782 6783 -6784 6785 -6786 -6787 -6788 6789 6790 6791 6792 6793 6794 6795
v 6796 -6797 6798 6799 -6800 -6801 6802 6803 6804 6805 -6806 -6807 -6808 6809
v 6810 -6811 -6812 6813 6814 6815 6816 6817 6818 -6819 6820 -6821 -6822 -6823
v 6824 6825 6826 6827 -6828 -6829 -6830 6831 6832 6833 -6834 6835 6836 6837
v 6838 6839 -6840 -6841 6842 6843 -6844 -6845 6846 6847 6848 6849 6850 -6851
v -6852 6853 6854 -6855 -6856 6857 6858 6859 6860 6861 6862 6863 6864 6865
v 6866 6867 6868 -6869 -6870 -6871 6872 -6873 -6874 -6875 6876 6877 -6878 6879
v -6880 -6881 -6882 6883 6884 -6885 -6886 6887 6888 6889 6890 -6891 -6892
v -6893 6894 6895 -6896 -6897 6898 6899 6900 6901 6902 -6903 -6904 -6905 -6906
v 6907 6908 6909 -6910 6911 6912 6913 -6914 -6915 -6916 -6917 6918 6919 6920
v -6921 6922 6923 6924 -6925 -6926 -6927 -6928 -6929 -6930 -6931 -6932 -6933
v -6934 -6935 6936 6937 -6938 -6939 -6940 -6941 -6942 -6943 -6944 -6945 -6946
v -6947 -6948 -6949 -6950 -6951 -6952 -6953 -6954 -6955 -6956 -6957 -6958
v -6959 -6960 -6961 -6962 -6963 -6964 -6965 -6966 -6967 -6968 -6969 -6970 6971
v 6972 6973 6974 6975 6976 -6977 6978 6979 6980 -6981 -6982 6983 6984 6985
v 6986 -6987 -6988 -6989 -6990 6991 -6992 -6993 -6994 6995 -6996 -6997 -6998
v -6999 -7000 7001 7002 7003 7004 -7005 -7006 -7007 -7008 7009 -7010 -7011
v -7012 7013 -7014 -7015 -7016 -7017 -7018 7019 -7020 -7021 -7022 -7023 -7024
v -7025 -7026 7027 7028 7029 -7030 -7031 -7032 -7033 7034 -7035 -7036 -7037
v -7038 7039 7040 7041 7042 0
c
c ---- [ profiling ] ---------------------------------------------------------
c
c         130.78   91.82 %  search
c          68.23   47.90 %  stable
c          62.55   43.92 %  focused
c          11.64    8.17 %  simplify
c          10.40    7.30 %  probe
c           8.98    6.30 %  vivify
c           1.64    1.15 %  reduce
c           1.04    0.73 %  eliminate
c           0.94    0.66 %  sweep
c           0.42    0.29 %  substitute
c           0.34    0.24 %  subsume
c           0.20    0.14 %  walking
c           0.04    0.03 %  transitive
c           0.03    0.02 %  backbone
c           0.01    0.01 %  parse
c           0.00    0.00 %  warmup
c           0.00    0.00 %  extend
c =============================================
c         142.43  100.00 %  total
c
c ---- [ statistics ] --------------------------------------------------------
c
c chronological:                           37                0 %  conflicts
c conflicts:                          2638704            18525.89 per second
c decisions:                          8710321                3.30 per conflict
c eliminated:                            4478               64 %  variables
c jumped_reasons:                    10409200                5 %  propagations
c propagations:                     208745409          1465566    per second
c queue_decisions:                    5945018               68 %  decision
c random_decisions:                    610644                7 %  decision
c random_sequences:                       884             2985    interval
c reductions:                             250            10555    interval
c rephased:                                36            73297    interval
c restarts:                             76629               34.43 interval
c score_decisions:                    2154659               25 %  decision
c strengthened:                          8203                0 %  checks
c substituted:                           1504               21 %  variables
c subsumed:                             11006                0 %  checks
c switched:                                49            53851    interval
c vivified:                             29285                7 %  checks
c vivify_checks:                       415109             9884    per vivify
c vivify_units:                             1                0 %  variables
c walk_improved:                           11               92 %  walks
c walks:                                   12           219892    interval
c
c ---- [ resources ] ---------------------------------------------------------
c
c maximum-resident-set-size:         25468928 bytes         24 MB
c process-time:                         2m 22s             142.43 seconds
c
c ---- [ shutting down ] -----------------------------------------------------
c
c exit 10
